c_bin	number_of_SNP_pairs	Observed_d2	Predicted_d2
0.01826439	14617135	0.29694949	0.30273965
0.01544971	10524910	0.34727193	0.33039623
0.01336319	8022415	0.35221093	0.35560398
0.01178893	6418962	0.36887893	0.37803288
0.01054867	5193480	0.40306578	0.39822214
0.00953614	4273761	0.42061560	0.41663610
0.00870478	3608448	0.42615043	0.43323709
0.00800788	3110155	0.43680796	0.44830398
0.00741244	2760385	0.45886106	0.46209107
0.00690316	2383374	0.45990781	0.47460812
0.00645519	2120718	0.47136775	0.48621175
0.00606344	1878951	0.49547405	0.49684384
0.00571699	1674431	0.51275260	0.50664497
0.00540794	1533975	0.51205725	0.51571969
0.00512998	1369057	0.52410762	0.52416134
0.00488099	1252179	0.53372538	0.53195756
0.00465255	1117365	0.54909152	0.53931228
0.00444590	1047274	0.56445981	0.54613778
0.00425662	959562	0.57103755	0.55253806
0.00408276	879244	0.56060866	0.55854599
0.00392277	827948	0.57493112	0.56418657
0.00377414	770255	0.58585330	0.56952522
0.00363762	698525	0.59735787	0.57451483
0.00350939	658194	0.59334913	0.57927768
0.00339066	619380	0.59436684	0.58375559
0.00327930	566201	0.60925676	0.58801582
0.00317482	544322	0.60284636	0.59206717
0.00303224	1004610	0.59847065	0.59768240
0.00285904	891054	0.60875444	0.60464098
0.00270395	787320	0.61802845	0.61100444
0.00256531	723675	0.62601186	0.61680233
0.00243997	653556	0.61904638	0.62213585
0.00232665	592719	0.61531489	0.62703477
0.00217643	1037724	0.63362814	0.63364594
0.00200144	900182	0.62555651	0.64152216
0.00185354	779946	0.63924613	0.64833323
0.00172583	658793	0.66541856	0.65433480
0.00156662	1099299	0.66558609	0.66198206
0.00139146	872119	0.66130377	0.67062630
0.00125166	724273	0.66739112	0.67771774
0.00113794	621294	0.66198306	0.68362743
0.00104290	517239	0.67844927	0.68867678
