Generation	Ne_diploids
1	33.0371
2	33.0371
3	33.0371
4	33.0371
5	33.7417
6	34.1364
7	34.381
8	34.4948
9	34.9119
10	35.6058
11	36.0134
12	36.2295
13	37.0239
14	37.8466
15	39.0075
16	39.6228
17	40.6698
18	41.4595
19	42.6807
20	43.5028
21	44.5032
22	45.3563
23	46.2254
24	47.1714
25	47.9186
26	48.356
27	48.8643
28	49.8082
29	50.3985
30	50.7353
31	50.5572
32	51.27
33	51.3646
34	51.361
35	51.2814
36	51.1838
37	50.867
38	50.8231
39	50.6476
40	50.4855
41	50.4286
42	50.5345
43	50.648
44	50.6283
45	50.6825
46	50.8476
47	50.7249
48	50.0619
49	49.9163
50	49.5573
51	49.0392
52	48.9298
53	48.9999
54	48.933
55	48.6133
56	48.2024
57	48.2564
58	48.2259
59	47.9171
60	47.6808
61	47.8553
62	47.8256
63	47.5517
64	47.3676
65	47.4243
66	47.3774
67	47.5206
68	47.2582
69	47.207
70	47.6079
71	47.8335
72	48.1337
73	48.2747
74	48.6148
75	49.074
76	49.3464
77	50.0018
78	50.6014
79	50.902
80	51.3257
81	51.748
82	52.7203
83	53.6417
84	55.3714
85	56.7345
86	57.6046
87	59.4612
88	62.0549
89	64.3858
90	66.4469
91	69.6176
92	73.7476
93	78.2339
94	84.7585
95	90.1269
96	98.0249
97	105.025
98	113.19
99	125.908
100	140.206
101	150.515
102	166.558
103	182.589
104	207.538
105	229.032
106	253.307
107	283.886
108	321.211
109	360.291
110	394.533
111	423.247
112	473.556
113	539.19
114	604.214
115	678.042
116	752.329
117	812.298
118	882.467
119	984.254
120	1109.21
121	1215.83
122	1296.58
123	1363.35
124	1457.52
125	1544.27
126	1686.09
127	1788.92
128	1891.7
129	2022.81
130	2171.83
131	2306.69
132	2465.19
133	2646.91
134	2780.08
135	2927.29
136	3094.26
137	3274.19
138	3464.41
139	3652.21
140	3912.35
141	4136.01
142	4300.76
143	4485.49
144	4712.92
145	4953.5
146	5168.84
147	5437.05
148	5709.07
149	5945.7
150	6122.24
