c_bin	number_of_SNP_pairs	Observed_d2	Predicted_d2
0.01828516	86889620	0.24942040	0.24844991
0.01544630	61424792	0.25310105	0.25611074
0.01336970	46369883	0.26062876	0.26236428
0.01179100	36366487	0.26933823	0.26756443
0.01054711	28835031	0.27362192	0.27198688
0.00953770	23639178	0.28246141	0.27582613
0.00870649	19714250	0.28224771	0.27918681
0.00800877	16668825	0.28237004	0.28217140
0.00741346	14338052	0.28285888	0.28485642
0.00690232	12502615	0.28531793	0.28728071
0.00645590	10980741	0.28711386	0.28950261
0.00606449	9755491	0.28887710	0.29154361
0.00571724	8713785	0.29067061	0.29343810
0.00540838	7796269	0.29503102	0.29519906
0.00513035	7044136	0.29731084	0.29685408
0.00488041	6355309	0.30092772	0.29840613
0.00465270	5734894	0.29598732	0.29988005
0.00444603	5293510	0.29302514	0.30127353
0.00425669	4861449	0.29679710	0.30260244
0.00408287	4470544	0.30444455	0.30387152
0.00392262	4110932	0.30628219	0.30508808
0.00377435	3824899	0.30553975	0.30625772
0.00363713	3555324	0.30804128	0.30738192
0.00350958	3299314	0.30796638	0.30846654
0.00339049	3073868	0.31325573	0.30951714
0.00327925	2889820	0.31042368	0.31053474
0.00317512	2708906	0.31221209	0.31152193
0.00307740	2546519	0.31583144	0.31248170
0.00298553	2413002	0.31480668	0.31341576
0.00289894	2292460	0.31617161	0.31432693
0.00281735	2158522	0.31994880	0.31521498
0.00274015	2028210	0.31634429	0.31608360
0.00266697	1919756	0.31364253	0.31693464
0.00259771	1813711	0.31540324	0.31776659
0.00253198	1729196	0.31182281	0.31858169
0.00246931	1646800	0.31328090	0.31938389
0.00240988	1583054	0.31651461	0.32016857
0.00235312	1504190	0.32065063	0.32094128
0.00229904	1438919	0.32331974	0.32170018
0.00224736	1381450	0.32019823	0.32244733
0.00219795	1330021	0.32465248	0.32318306
0.00215070	1281082	0.32868846	0.32390726
0.00210540	1223137	0.32694580	0.32462183
0.00204137	2288502	0.32936290	0.32566775
0.00196123	2121340	0.33066239	0.32704149
0.00188726	1958207	0.33196560	0.32837971
0.00181860	1820359	0.33402986	0.32968895
0.00175473	1698860	0.33350466	0.33097077
0.00169520	1586787	0.33707829	0.33222675
0.00163962	1486852	0.33904921	0.33345797
0.00158756	1402470	0.33830463	0.33466757
0.00153869	1312845	0.33970837	0.33585668
0.00149275	1229792	0.33981682	0.33702636
0.00142931	2267157	0.33921621	0.33873202
0.00135188	2045238	0.33860026	0.34097397
0.00128263	1858768	0.34094418	0.34314983
0.00121996	1687848	0.33854213	0.34527900
0.00116319	1528123	0.34265471	0.34735787
0.00111148	1396829	0.34891907	0.34939250
0.00104283	2453933	0.35062673	0.35233204
