Generation	Ne_diploids
1	78.3677
2	78.3677
3	78.3677
4	78.3677
5	77.829
6	77.5787
7	77.3401
8	77.2413
9	77.5255
10	78.1242
11	78.7504
12	79.5442
13	80.4425
14	81.7202
15	83.742
16	86.6263
17	89.002
18	92.6287
19	97.0803
20	105.708
21	111.718
22	118.876
23	129.436
24	148.682
25	160.95
26	173.972
27	188.891
28	226.247
29	247.971
30	272.289
31	294.214
32	354.429
33	391.865
34	432.078
35	465.806
36	552.267
37	621.058
38	680.801
39	723.987
40	813.007
41	910.171
42	990.326
43	1050.37
44	1138.96
45	1248.59
46	1350.27
47	1435.05
48	1543.55
49	1638.41
50	1737.66
51	1843.69
52	1934.95
53	2025.39
54	2099.21
55	2179.96
56	2282.95
57	2359.95
58	2422.43
59	2501.11
60	2595.31
61	2678.02
62	2736.21
63	2793.91
64	2864.54
65	2935.61
66	3009.65
67	3045.12
68	3101.59
69	3151.01
70	3213.11
71	3263.75
72	3333.05
73	3371.31
74	3414.57
75	3477.69
76	3538.05
77	3578.18
78	3614.64
79	3632.33
80	3662.67
81	3697.01
82	3729.24
83	3752.92
84	3780.96
85	3812.4
86	3841.39
87	3864.34
88	3909.36
89	3933.67
90	3967.86
91	3995.36
92	4026.92
93	4060.19
94	4083.81
95	4089.62
96	4107.8
97	4128.52
98	4144.8
99	4164.54
100	4195.43
101	4223.21
102	4253.21
103	4278
104	4303.4
105	4308.71
106	4324.57
107	4336.97
108	4348.85
109	4356.35
110	4365.43
111	4374.05
112	4378.54
113	4397.6
114	4392.45
115	4394.68
116	4398.76
117	4403.39
118	4410.44
119	4416.87
120	4416.79
121	4430.75
122	4431.6
123	4438.08
124	4443.04
125	4441.84
126	4439.19
127	4435.44
128	4441.92
129	4443.17
130	4446.98
131	4459.36
132	4459.83
133	4462.85
134	4458.9
135	4452.38
136	4457.37
137	4457.27
138	4450.58
139	4453.69
140	4454.95
141	4448.65
142	4442.33
143	4437.57
144	4427.79
145	4429.32
146	4435.02
147	4432.45
148	4413.53
149	4407.71
150	4408.53
