time_index	left_time_boundary	right_time_boundary	lambda
0	0	7.59346e-06	11610.2
1	7.59346e-06	1.74818e-05	11610.2
2	1.74818e-05	3.03585e-05	4940.65
3	3.03585e-05	4.71268e-05	3926.29
4	4.71268e-05	6.89627e-05	2024.49
5	6.89627e-05	9.73978e-05	1172.24
6	9.73978e-05	0.000134426	1531.73
7	0.000134426	0.000182646	2293.06
8	0.000182646	0.000245438	2305.88
9	0.000245438	0.000327206	1597.14
10	0.000327206	0.000433687	1013.16
11	0.000433687	0.000572347	756.419
12	0.000572347	0.000752913	751.697
13	0.000752913	0.000988049	825.975
14	0.000988049	0.00129425	847.938
15	0.00129425	0.00169298	855.946
16	0.00169298	0.00221222	612.475
17	0.00221222	0.00288838	618.952
18	0.00288838	inf	618.952
