4.89753e-05	-67964.84	0,7.59346e-06,1.74818e-05,3.03585e-05,4.71268e-05,6.89627e-05,9.73978e-05,0.000134426,0.000182646,0.000245438,0.000327206,0.000433687,0.000572347,0.000752913,0.000988049,0.00129425,0.00169298,0.00221222,0.00288838,inf	5928.71,5928.71,4369.5,3634.26,3096.97,2747.37,2605.74,2567.76,2522.55,2434.98,2310.24,2162.78,2026.91,1930.17,1890.11,1980.76,1687.52,2290.57,2290.57
4.78242e-05	-67392.62	0,7.59346e-06,1.74818e-05,3.03585e-05,4.71268e-05,6.89627e-05,9.73978e-05,0.000134426,0.000182646,0.000245438,0.000327206,0.000433687,0.000572347,0.000752913,0.000988049,0.00129425,0.00169298,0.00221222,0.00288838,inf	6608.17,6608.17,4673.71,3521.13,2719.78,2180.35,1994.31,1989.92,1950.26,1822.06,1649.53,1478.77,1360.44,1305.34,1290.98,1364.5,1159.3,1241.35,1241.35
5.08184e-05	-67182.72	0,7.59346e-06,1.74818e-05,3.03585e-05,4.71268e-05,6.89627e-05,9.73978e-05,0.000134426,0.000182646,0.000245438,0.000327206,0.000433687,0.000572347,0.000752913,0.000988049,0.00129425,0.00169298,0.00221222,0.00288838,inf	6876.69,6876.69,4967.09,3567.23,2616.98,1945.98,1750.88,1799.6,1773.34,1603.64,1386.23,1196.26,1091.01,1061.26,1060.54,1124.36,940.368,667.314,667.314
5.59996e-05	-67077.64	0,7.59346e-06,1.74818e-05,3.03585e-05,4.71268e-05,6.89627e-05,9.73978e-05,0.000134426,0.000182646,0.000245438,0.000327206,0.000433687,0.000572347,0.000752913,0.000988049,0.00129425,0.00169298,0.00221222,0.00288838,inf	7094.12,7094.12,5199.99,3651.11,2603.52,1830.58,1647.51,1759.01,1748.88,1535.06,1271.71,1061.45,964.662,952.342,962.456,1026.99,845.896,531.244,531.244
6.16443e-05	-67038.17	0,7.59346e-06,1.74818e-05,3.03585e-05,4.71268e-05,6.89627e-05,9.73978e-05,0.000134426,0.000182646,0.000245438,0.000327206,0.000433687,0.000572347,0.000752913,0.000988049,0.00129425,0.00169298,0.00221222,0.00288838,inf	7356.87,7356.87,5352.49,3719.2,2600.04,1751.62,1596.28,1773.66,1779.88,1522.68,1216.17,988.068,898.389,899.46,918.679,988.703,810.521,540.645,540.645
6.71523e-05	-67013.27	0,7.59346e-06,1.74818e-05,3.03585e-05,4.71268e-05,6.89627e-05,9.73978e-05,0.000134426,0.000182646,0.000245438,0.000327206,0.000433687,0.000572347,0.000752913,0.000988049,0.00129425,0.00169298,0.00221222,0.00288838,inf	7650.17,7650.17,5436.53,3763.98,2586.04,1684.2,1565.66,1807.65,1829.18,1530.64,1185.02,942.313,858.876,869.876,894.557,966.098,785.862,548.714,548.714
7.24958e-05	-66993.24	0,7.59346e-06,1.74818e-05,3.03585e-05,4.71268e-05,6.89627e-05,9.73978e-05,0.000134426,0.000182646,0.000245438,0.000327206,0.000433687,0.000572347,0.000752913,0.000988049,0.00129425,0.00169298,0.00221222,0.00288838,inf	7955.49,7955.49,5471.76,3791.8,2560.59,1622.14,1544.41,1847.33,1882.23,1544.68,1164.33,910.37,833.032,852.143,880.317,951.118,766.606,556.853,556.853
7.76666e-05	-66976.45	0,7.59346e-06,1.74818e-05,3.03585e-05,4.71268e-05,6.89627e-05,9.73978e-05,0.000134426,0.000182646,0.000245438,0.000327206,0.000433687,0.000572347,0.000752913,0.000988049,0.00129425,0.00169298,0.00221222,0.00288838,inf	8258.16,8258.16,5470.53,3806.98,2525.16,1563.56,1527.83,1887.01,1932.9,1558.77,1148.07,885.966,814.806,840.919,871.354,939.915,750.146,564.653,564.653
8.26718e-05	-66962.07	0,7.59346e-06,1.74818e-05,3.03585e-05,4.71268e-05,6.89627e-05,9.73978e-05,0.000134426,0.000182646,0.000245438,0.000327206,0.000433687,0.000572347,0.000752913,0.000988049,0.00129425,0.00169298,0.00221222,0.00288838,inf	8564.6,8564.6,5452.53,3819.56,2485.82,1510.12,1515.73,1926.38,1980.48,1571.56,1134.15,866.331,801.339,833.644,865.462,930.744,735.328,571.925,571.925
8.75195e-05	-66949.57	0,7.59346e-06,1.74818e-05,3.03585e-05,4.71268e-05,6.89627e-05,9.73978e-05,0.000134426,0.000182646,0.000245438,0.000327206,0.000433687,0.000572347,0.000752913,0.000988049,0.00129425,0.00169298,0.00221222,0.00288838,inf	8868.12,8868.12,5422.93,3830.93,2443.96,1461.48,1507.07,1964.67,2024.32,1582.25,1121.38,849.839,790.977,828.859,861.405,922.667,721.559,578.609,578.609
9.22191e-05	-66938.58	0,7.59346e-06,1.74818e-05,3.03585e-05,4.71268e-05,6.89627e-05,9.73978e-05,0.000134426,0.000182646,0.000245438,0.000327206,0.000433687,0.000572347,0.000752913,0.000988049,0.00129425,0.00169298,0.00221222,0.00288838,inf	9167.35,9167.35,5385.64,3842.01,2400.73,1417.38,1501.31,2001.76,2064.46,1590.7,1109.23,835.579,782.769,825.726,858.487,915.2,708.541,584.7,584.7
9.67803e-05	-66928.84	0,7.59346e-06,1.74818e-05,3.03585e-05,4.71268e-05,6.89627e-05,9.73978e-05,0.000134426,0.000182646,0.000245438,0.000327206,0.000433687,0.000572347,0.000752913,0.000988049,0.00129425,0.00169298,0.00221222,0.00288838,inf	9460.81,9460.81,5343.15,3853.08,2356.89,1377.51,1498.05,2037.67,2101.15,1597.05,1097.47,823.003,776.135,823.741,856.302,908.086,696.119,590.22,590.22
0.000101212	-66920.14	0,7.59346e-06,1.74818e-05,3.03585e-05,4.71268e-05,6.89627e-05,9.73978e-05,0.000134426,0.000182646,0.000245438,0.000327206,0.000433687,0.000572347,0.000752913,0.000988049,0.00129425,0.00169298,0.00221222,0.00288838,inf	9748.37,9748.37,5297.18,3864.19,2313.01,1341.55,1496.97,2072.52,2134.74,1601.52,1086.01,811.759,770.699,822.585,854.599,901.188,684.21,595.209,595.209
0.000105524	-66912.30	0,7.59346e-06,1.74818e-05,3.03585e-05,4.71268e-05,6.89627e-05,9.73978e-05,0.000134426,0.000182646,0.000245438,0.000327206,0.000433687,0.000572347,0.000752913,0.000988049,0.00129425,0.00169298,0.00221222,0.00288838,inf	10030.2,10030.2,5248.93,3875.17,2269.43,1309.14,1497.82,2106.39,2165.55,1604.33,1074.81,801.609,766.208,822.046,853.223,894.438,672.764,599.712,599.712
0.000109723	-66905.21	0,7.59346e-06,1.74818e-05,3.03585e-05,4.71268e-05,6.89627e-05,9.73978e-05,0.000134426,0.000182646,0.000245438,0.000327206,0.000433687,0.000572347,0.000752913,0.000988049,0.00129425,0.00169298,0.00221222,0.00288838,inf	10305.7,10305.7,5199.04,3885.78,2226.42,1279.95,1500.34,2139.38,2193.87,1605.72,1063.88,792.382,762.485,821.981,852.071,887.798,661.751,603.776,603.776
0.000113817	-66898.76	0,7.59346e-06,1.74818e-05,3.03585e-05,4.71268e-05,6.89627e-05,9.73978e-05,0.000134426,0.000182646,0.000245438,0.000327206,0.000433687,0.000572347,0.000752913,0.000988049,0.00129425,0.00169298,0.00221222,0.00288838,inf	10576.3,10576.3,5148.2,3895.82,2184.14,1253.67,1504.33,2171.55,2219.95,1605.87,1053.2,783.949,759.396,822.287,851.077,881.253,651.148,607.446,607.446
0.000117813	-66892.85	0,7.59346e-06,1.74818e-05,3.03585e-05,4.71268e-05,6.89627e-05,9.73978e-05,0.000134426,0.000182646,0.000245438,0.000327206,0.000433687,0.000572347,0.000752913,0.000988049,0.00129425,0.00169298,0.00221222,0.00288838,inf	10842.3,10842.3,5096.72,3905.06,2142.73,1230.01,1509.62,2202.97,2244.02,1604.95,1042.78,776.211,756.843,822.89,850.195,874.796,640.936,610.762,610.762
0.000121716	-66887.42	0,7.59346e-06,1.74818e-05,3.03585e-05,4.71268e-05,6.89627e-05,9.73978e-05,0.000134426,0.000182646,0.000245438,0.000327206,0.000433687,0.000572347,0.000752913,0.000988049,0.00129425,0.00169298,0.00221222,0.00288838,inf	11102.7,11102.7,5044.79,3913.29,2102.27,1208.7,1516.03,2233.67,2266.25,1603.11,1032.64,769.085,754.748,823.733,849.392,868.425,631.097,613.763,613.763
0.000125532	-66882.41	0,7.59346e-06,1.74818e-05,3.03585e-05,4.71268e-05,6.89627e-05,9.73978e-05,0.000134426,0.000182646,0.000245438,0.000327206,0.000433687,0.000572347,0.000752913,0.000988049,0.00129425,0.00169298,0.00221222,0.00288838,inf	11358.3,11358.3,4992.69,3920.39,2062.84,1189.51,1523.44,2263.69,2286.83,1600.47,1022.76,762.506,753.05,824.773,848.645,862.142,621.616,616.483,616.483
0.000129266	-66877.77	0,7.59346e-06,1.74818e-05,3.03585e-05,4.71268e-05,6.89627e-05,9.73978e-05,0.000134426,0.000182646,0.000245438,0.000327206,0.000433687,0.000572347,0.000752913,0.000988049,0.00129425,0.00169298,0.00221222,0.00288838,inf	11610.2,11610.2,4940.65,3926.29,2024.49,1172.24,1531.73,2293.06,2305.88,1597.14,1013.16,756.419,751.697,825.975,847.938,855.946,612.475,618.952,618.952
