7.91844e-05	-118030.34	0,1.02095e-05,2.35045e-05,4.08175e-05,6.33627e-05,9.27214e-05,0.000130953,0.000180738,0.00024557,0.000329995,0.000439934,0.000583098,0.000769529,0.0010123,0.00132845,0.00174013,0.00227624,0.00297436,0.00388347,inf	5778.67,5778.67,2863.85,2557.51,2412.85,2374.97,2389.51,2435.96,2503.77,2525.01,2477.25,2394.54,2324.34,2270.68,2236.52,2181.1,2249.47,3703.95,3703.95
7.73674e-05	-117803.58	0,1.02095e-05,2.35045e-05,4.08175e-05,6.33627e-05,9.27214e-05,0.000130953,0.000180738,0.00024557,0.000329995,0.000439934,0.000583098,0.000769529,0.0010123,0.00132845,0.00174013,0.00227624,0.00297436,0.00388347,inf	8650.97,8650.97,2715.62,2280.58,2060.46,2010.59,2046.43,2130.9,2249.49,2280.19,2191.96,2059.38,1959.99,1894.75,1860.86,1792.58,1881.15,4574.2,4574.2
7.72167e-05	-117692.81	0,1.02095e-05,2.35045e-05,4.08175e-05,6.33627e-05,9.27214e-05,0.000130953,0.000180738,0.00024557,0.000329995,0.000439934,0.000583098,0.000769529,0.0010123,0.00132845,0.00174013,0.00227624,0.00297436,0.00388347,inf	11205.2,11205.2,2543.94,2089.51,1831.51,1779.52,1836.21,1951.79,2112.11,2145.28,2017.64,1847.03,1730.95,1663,1634.1,1564.23,1669.29,5978.69,5978.69
7.79268e-05	-117635.32	0,1.02095e-05,2.35045e-05,4.08175e-05,6.33627e-05,9.27214e-05,0.000130953,0.000180738,0.00024557,0.000329995,0.000439934,0.000583098,0.000769529,0.0010123,0.00132845,0.00174013,0.00227624,0.00297436,0.00388347,inf	13288,13288,2367.39,1958.22,1681.38,1629.9,1704.96,1846.89,2044.76,2076.93,1909.71,1706.26,1577.72,1507.95,1482.31,1412.35,1535.47,9883.75,9883.75
7.9102e-05	-117604.64	0,1.02095e-05,2.35045e-05,4.08175e-05,6.33627e-05,9.27214e-05,0.000130953,0.000180738,0.00024557,0.000329995,0.000439934,0.000583098,0.000769529,0.0010123,0.00132845,0.00174013,0.00227624,0.00297436,0.00388347,inf	14887.8,14887.8,2196.34,1868.47,1581.83,1530.39,1620.99,1785.93,2019.69,2049.69,1843.05,1609.87,1470.63,1398.15,1373.01,1302.14,1448.12,53682.7,53682.7
7.9102e-05	-117588.70	0,1.02095e-05,2.35045e-05,4.08175e-05,6.33627e-05,9.27214e-05,0.000130953,0.000180738,0.00024557,0.000329995,0.000439934,0.000583098,0.000769529,0.0010123,0.00132845,0.00174013,0.00227624,0.00297436,0.00388347,inf	15870.9,15870.9,2021.83,1796.04,1505.99,1453.56,1556.34,1740.47,2007.29,2035.42,1792.81,1534.88,1387.35,1311.85,1285.14,1213.36,1389.97,794263,794263
7.9102e-05	-117575.17	0,1.02095e-05,2.35045e-05,4.08175e-05,6.33627e-05,9.27214e-05,0.000130953,0.000180738,0.00024557,0.000329995,0.000439934,0.000583098,0.000769529,0.0010123,0.00132845,0.00174013,0.00227624,0.00297436,0.00388347,inf	15870.9,15870.9,1858.63,1744.68,1452.43,1397.33,1510.1,1711.34,2011.58,2039.19,1761.51,1480.65,1325.64,1246.31,1214.06,1141.08,1344.76,794440,794440
7.9102e-05	-117564.65	0,1.02095e-05,2.35045e-05,4.08175e-05,6.33627e-05,9.27214e-05,0.000130953,0.000180738,0.00024557,0.000329995,0.000439934,0.000583098,0.000769529,0.0010123,0.00132845,0.00174013,0.00227624,0.00297436,0.00388347,inf	15870.9,15870.9,1731.1,1718.93,1418,1356.49,1476.22,1691.98,2025.37,2054.15,1742.89,1441.12,1279.59,1196.03,1157.91,1081.22,1306.73,794577,794577
7.9102e-05	-117557.20	0,1.02095e-05,2.35045e-05,4.08175e-05,6.33627e-05,9.27214e-05,0.000130953,0.000180738,0.00024557,0.000329995,0.000439934,0.000583098,0.000769529,0.0010123,0.00132845,0.00174013,0.00227624,0.00297436,0.00388347,inf	15871,15871,1627.17,1709.93,1395.62,1324.95,1449.16,1676.95,2025.37,2075.15,1732.29,1411.74,1244.78,1155.76,1113.26,1030.74,1273.93,794687,794687
7.9102e-05	-117551.71	0,1.02095e-05,2.35045e-05,4.08175e-05,6.33627e-05,9.27214e-05,0.000130953,0.000180738,0.00024557,0.000329995,0.000439934,0.000583098,0.000769529,0.0010123,0.00132845,0.00174013,0.00227624,0.00297436,0.00388347,inf	15871,15871,1540.22,1713.45,1382.34,1300.8,1428,1666.33,2046.93,2099.36,1727.83,1389.98,1218.47,1124.39,1075.48,987.34,1245.08,794775,794775
7.9102e-05	-117547.53	0,1.02095e-05,2.35045e-05,4.08175e-05,6.33627e-05,9.27214e-05,0.000130953,0.000180738,0.00024557,0.000329995,0.000439934,0.000583098,0.000769529,0.0010123,0.00132845,0.00174013,0.00227624,0.00297436,0.00388347,inf	15871,15871,1464.83,1724.95,1374.32,1280.46,1409.03,1655.96,2067.57,2116.94,1726.35,1373.31,1198.45,1099.69,1043.93,949.411,1219.31,794849,794849
7.9102e-05	-117544.26	0,1.02095e-05,2.35045e-05,4.08175e-05,6.33627e-05,9.27214e-05,0.000130953,0.000180738,0.00024557,0.000329995,0.000439934,0.000583098,0.000769529,0.0010123,0.00132845,0.00174013,0.00227624,0.00297436,0.00388347,inf	15871,15871,1398.06,1742.4,1370.22,1263.09,1391.85,1645.78,2087.64,2129.39,1726.35,1360.6,1183.34,1080.06,1017.34,915.839,1195.99,794912,794912
7.9102e-05	-117541.64	0,1.02095e-05,2.35045e-05,4.08175e-05,6.33627e-05,9.27214e-05,0.000130953,0.000180738,0.00024557,0.000329995,0.000439934,0.000583098,0.000769529,0.0010123,0.00132845,0.00174013,0.00227624,0.00297436,0.00388347,inf	15871,15871,1337.04,1743.1,1368.58,1247.83,1376.02,1635.76,2107.13,2142.71,1726.35,1350.99,1172.22,1064.68,994.747,885.8,1174.67,794967,794967
7.9102e-05	-117539.51	0,1.02095e-05,2.35045e-05,4.08175e-05,6.33627e-05,9.27214e-05,0.000130953,0.000180738,0.00024557,0.000329995,0.000439934,0.000583098,0.000769529,0.0010123,0.00132845,0.00174013,0.00227624,0.00297436,0.00388347,inf	15871,15871,1283.29,1770.27,1370.57,1235.05,1361.65,1625.81,2125.83,2147.07,1726.7,1343.67,1164.21,1052.73,975.416,858.665,1154.99,795014,795014
7.9102e-05	-117537.72	0,1.02095e-05,2.35045e-05,4.08175e-05,6.33627e-05,9.27214e-05,0.000130953,0.000180738,0.00024557,0.000329995,0.000439934,0.000583098,0.000769529,0.0010123,0.00132845,0.00174013,0.00227624,0.00297436,0.00388347,inf	15871,15871,1232.34,1770.7,1373.33,1223.37,1348.2,1616.08,2144.22,2155.92,1726.79,1338.34,1158.8,1043.61,958.777,833.948,1136.69,795056,795056
7.9102e-05	-117536.22	0,1.02095e-05,2.35045e-05,4.08175e-05,6.33627e-05,9.27214e-05,0.000130953,0.000180738,0.00024557,0.000329995,0.000439934,0.000583098,0.000769529,0.0010123,0.00132845,0.00174013,0.00227624,0.00297436,0.00388347,inf	15871,15871,1186.67,1803.63,1374.16,1213.56,1335.87,1606.41,2161.83,2157.32,1726.79,1334.3,1155.37,1036.78,944.368,811.262,1119.55,795093,795093
7.9102e-05	-117534.91	0,1.02095e-05,2.35045e-05,4.08175e-05,6.33627e-05,9.27214e-05,0.000130953,0.000180738,0.00024557,0.000329995,0.000439934,0.000583098,0.000769529,0.0010123,0.00132845,0.00174013,0.00227624,0.00297436,0.00388347,inf	15871,15871,1143.06,1837.12,1374.16,1204.56,1324.18,1596.68,2162.16,2171.22,1726.79,1331.48,1153.61,1031.88,931.836,790.306,1103.39,795126,795126
7.9102e-05	-117533.78	0,1.02095e-05,2.35045e-05,4.08175e-05,6.33627e-05,9.27214e-05,0.000130953,0.000180738,0.00024557,0.000329995,0.000439934,0.000583098,0.000769529,0.0010123,0.00132845,0.00174013,0.00227624,0.00297436,0.00388347,inf	15871,15871,1101.34,1869.15,1374.16,1196.99,1313.94,1587.89,2178.37,2171.22,1726.79,1329.29,1153.08,1028.54,920.87,770.825,1088.09,795156,795156
7.9102e-05	-117532.77	0,1.02095e-05,2.35045e-05,4.08175e-05,6.33627e-05,9.27214e-05,0.000130953,0.000180738,0.00024557,0.000329995,0.000439934,0.000583098,0.000769529,0.0010123,0.00132845,0.00174013,0.00227624,0.00297436,0.00388347,inf	15871,15871,1061.35,1899.86,1374.16,1189.97,1304.11,1579.02,2178.8,2171.22,1732.74,1327.79,1153.64,1026.54,911.254,752.629,1073.53,795184,795184
7.9102e-05	-117531.87	0,1.02095e-05,2.35045e-05,4.08175e-05,6.33627e-05,9.27214e-05,0.000130953,0.000180738,0.00024557,0.000329995,0.000439934,0.000583098,0.000769529,0.0010123,0.00132845,0.00174013,0.00227624,0.00297436,0.00388347,inf	15871,15871,1023.01,1929.31,1374.16,1184.2,1295.67,1571.32,2178.8,2181.59,1732.74,1326.52,1154.62,1025.6,902.767,735.546,1059.61,795209,795209
