time_index	left_time_boundary	right_time_boundary	lambda
0	0	1.02095e-05	15871
1	1.02095e-05	2.35045e-05	15871
2	2.35045e-05	4.08175e-05	1023.01
3	4.08175e-05	6.33627e-05	1929.31
4	6.33627e-05	9.27214e-05	1374.16
5	9.27214e-05	0.000130953	1184.2
6	0.000130953	0.000180738	1295.67
7	0.000180738	0.00024557	1571.32
8	0.00024557	0.000329995	2178.8
9	0.000329995	0.000439934	2181.59
10	0.000439934	0.000583098	1732.74
11	0.000583098	0.000769529	1326.52
12	0.000769529	0.0010123	1154.62
13	0.0010123	0.00132845	1025.6
14	0.00132845	0.00174013	902.767
15	0.00174013	0.00227624	735.546
16	0.00227624	0.00297436	1059.61
17	0.00297436	0.00388347	795209
18	0.00388347	inf	795209
