0.00015404	-280008.69	0,1.8467e-05,4.2515e-05,7.38307e-05,0.000114611,0.000167715,0.000236868,0.00032692,0.000444187,0.000596895,0.000795753,0.00105471,0.00139193,0.00183105,0.0024029,0.00314756,0.00411726,0.00538003,0.00702443,inf	3034.88,3034.88,1845.61,1625.63,1594.21,1570.18,1542.42,1493.95,1426.45,1363.85,1327.17,1301.51,1297.64,1328.35,1368.64,1420.31,1534.21,1964.43,1964.43
0.000159327	-279713.79	0,1.8467e-05,4.2515e-05,7.38307e-05,0.000114611,0.000167715,0.000236868,0.00032692,0.000444187,0.000596895,0.000795753,0.00105471,0.00139193,0.00183105,0.0024029,0.00314756,0.00411726,0.00538003,0.00702443,inf	3923.2,3923.2,1867.65,1578.3,1579.75,1566.96,1535.27,1455.02,1335.54,1227.92,1166.68,1123.33,1114.23,1156.88,1214.85,1292.73,1479,2413.83,2413.83
0.000166351	-279570.01	0,1.8467e-05,4.2515e-05,7.38307e-05,0.000114611,0.000167715,0.000236868,0.00032692,0.000444187,0.000596895,0.000795753,0.00105471,0.00139193,0.00183105,0.0024029,0.00314756,0.00411726,0.00538003,0.00702443,inf	4389.95,4389.95,1811.66,1522.21,1576.84,1588.41,1564.9,1462.92,1300.62,1157.64,1077.77,1019.5,1003.75,1049.84,1114.87,1207.5,1450.82,3217.96,3217.96
0.000174153	-279484.95	0,1.8467e-05,4.2515e-05,7.38307e-05,0.000114611,0.000167715,0.000236868,0.00032692,0.000444187,0.000596895,0.000795753,0.00105471,0.00139193,0.00183105,0.0024029,0.00314756,0.00411726,0.00538003,0.00702443,inf	4624.1,4624.1,1734.3,1468.8,1577.03,1615.01,1605.42,1488.95,1291.31,1120.32,1026.03,954.761,932,977.537,1044.21,1145.66,1441.49,5689.73,5689.73
0.000182278	-279427.10	0,1.8467e-05,4.2515e-05,7.38307e-05,0.000114611,0.000167715,0.000236868,0.00032692,0.000444187,0.000596895,0.000795753,0.00105471,0.00139193,0.00183105,0.0024029,0.00314756,0.00411726,0.00538003,0.00702443,inf	4745.33,4745.33,1658.1,1421.94,1577.32,1638.85,1645.11,1519.35,1292.92,1100.11,994.827,912.245,882.694,925.739,991.077,1098.17,1448.87,41525.7,41525.7
0.000182278	-279383.92	0,1.8467e-05,4.2515e-05,7.38307e-05,0.000114611,0.000167715,0.000236868,0.00032692,0.000444187,0.000596895,0.000795753,0.00105471,0.00139193,0.00183105,0.0024029,0.00314756,0.00411726,0.00538003,0.00702443,inf	4716.76,4716.76,1566.05,1361.89,1552.65,1631.56,1652.86,1524.3,1280.3,1075.31,964.185,873.948,839.401,879.16,940.841,1053.75,1464.75,438602,438602
0.000182278	-279367.30	0,1.8467e-05,4.2515e-05,7.38307e-05,0.000114611,0.000167715,0.000236868,0.00032692,0.000444187,0.000596895,0.000795753,0.00105471,0.00139193,0.00183105,0.0024029,0.00314756,0.00411726,0.00538003,0.00702443,inf	4716.78,4716.78,1505.66,1321.8,1541.15,1631.94,1668.37,1538.77,1278.99,1063.14,946.858,848.707,807.737,842.726,900.913,1017.48,1486.95,438655,438655
0.000182278	-279356.91	0,1.8467e-05,4.2515e-05,7.38307e-05,0.000114611,0.000167715,0.000236868,0.00032692,0.000444187,0.000596895,0.000795753,0.00105471,0.00139193,0.00183105,0.0024029,0.00314756,0.00411726,0.00538003,0.00702443,inf	4716.79,4716.79,1462.06,1291.39,1533.89,1632.7,1683.08,1552.54,1278.99,1057.68,937.675,831.842,784.506,814.741,868.375,986.978,1513.52,438689,438689
0.000182278	-279350.30	0,1.8467e-05,4.2515e-05,7.38307e-05,0.000114611,0.000167715,0.000236868,0.00032692,0.000444187,0.000596895,0.000795753,0.00105471,0.00139193,0.00183105,0.0024029,0.00314756,0.00411726,0.00538003,0.00702443,inf	4716.8,4716.8,1430.03,1267.45,1528.8,1632.52,1695.89,1561.99,1278.99,1056.2,933.83,820.796,767.488,792.873,841.27,960.737,1544.45,438708,438708
0.000182278	-279345.97	0,1.8467e-05,4.2515e-05,7.38307e-05,0.000114611,0.000167715,0.000236868,0.00032692,0.000444187,0.000596895,0.000795753,0.00105471,0.00139193,0.00183105,0.0024029,0.00314756,0.00411726,0.00538003,0.00702443,inf	4716.83,4716.83,1406.54,1248.38,1524.94,1631.85,1706.9,1568.58,1278.99,1056.2,933.521,813.787,754.945,775.535,818.258,937.73,1579.93,438716,438716
0.000182278	-279343.07	0,1.8467e-05,4.2515e-05,7.38307e-05,0.000114611,0.000167715,0.000236868,0.00032692,0.000444187,0.000596895,0.000795753,0.00105471,0.00139193,0.00183105,0.0024029,0.00314756,0.00411726,0.00538003,0.00702443,inf	4716.84,4716.84,1389.41,1233.01,1522.8,1630.23,1716.33,1573.18,1278.99,1056.2,933.521,809.669,745.689,761.631,798.404,917.272,1617.96,438716,438716
0.000182278	-279341.06	0,1.8467e-05,4.2515e-05,7.38307e-05,0.000114611,0.000167715,0.000236868,0.00032692,0.000444187,0.000596895,0.000795753,0.00105471,0.00139193,0.00183105,0.0024029,0.00314756,0.00411726,0.00538003,0.00702443,inf	4716.84,4716.84,1377.04,1220.46,1521.63,1628.11,1724.58,1573.18,1281.39,1056.2,933.521,807.745,738.964,750.414,781.05,898.949,1650.2,438716,438716
0.000182278	-279339.52	0,1.8467e-05,4.2515e-05,7.38307e-05,0.000114611,0.000167715,0.000236868,0.00032692,0.000444187,0.000596895,0.000795753,0.00105471,0.00139193,0.00183105,0.0024029,0.00314756,0.00411726,0.00538003,0.00702443,inf	4716.84,4716.84,1368.32,1210.17,1521.43,1625.82,1731.96,1574.86,1281.39,1056.2,933.521,807.472,734.203,741.333,765.716,882.685,1650.2,438737,438737
0.000182278	-279337.79	0,1.8467e-05,4.2515e-05,7.38307e-05,0.000114611,0.000167715,0.000236868,0.00032692,0.000444187,0.000596895,0.000795753,0.00105471,0.00139193,0.00183105,0.0024029,0.00314756,0.00411726,0.00538003,0.00702443,inf	4716.85,4716.85,1362.25,1201.52,1521.7,1623.21,1738.6,1574.91,1282.08,1056.2,933.521,807.472,731.019,734.035,752.101,867.444,1674.11,438737,438737
0.000182278	-279336.78	0,1.8467e-05,4.2515e-05,7.38307e-05,0.000114611,0.000167715,0.000236868,0.00032692,0.000444187,0.000596895,0.000795753,0.00105471,0.00139193,0.00183105,0.0024029,0.00314756,0.00411726,0.00538003,0.00702443,inf	4716.86,4716.86,1358.24,1194.19,1522.58,1620.46,1744.64,1575.11,1282.08,1056.2,933.521,807.472,729.084,728.16,739.867,853.374,1695.46,438737,438737
0.000182278	-279335.94	0,1.8467e-05,4.2515e-05,7.38307e-05,0.000114611,0.000167715,0.000236868,0.00032692,0.000444187,0.000596895,0.000795753,0.00105471,0.00139193,0.00183105,0.0024029,0.00314756,0.00411726,0.00538003,0.00702443,inf	4716.86,4716.86,1355.74,1187.84,1523.81,1617.56,1749.9,1575.11,1282.08,1056.2,933.521,807.472,728.184,723.477,728.798,840.292,1714.47,438737,438737
0.000182278	-279335.21	0,1.8467e-05,4.2515e-05,7.38307e-05,0.000114611,0.000167715,0.000236868,0.00032692,0.000444187,0.000596895,0.000795753,0.00105471,0.00139193,0.00183105,0.0024029,0.00314756,0.00411726,0.00538003,0.00702443,inf	4716.87,4716.87,1354.4,1182.27,1525.3,1614.54,1754.32,1575.11,1282.08,1056.2,933.521,807.472,728.138,719.795,718.72,828.05,1731.5,438737,438737
0.000182278	-279334.57	0,1.8467e-05,4.2515e-05,7.38307e-05,0.000114611,0.000167715,0.000236868,0.00032692,0.000444187,0.000596895,0.000795753,0.00105471,0.00139193,0.00183105,0.0024029,0.00314756,0.00411726,0.00538003,0.00702443,inf	4716.87,4716.87,1353.93,1177.33,1527.05,1611.48,1758.04,1575.11,1282.08,1056.2,933.521,807.472,728.138,716.962,709.49,816.527,1747.07,438737,438737
0.000182278	-279334.01	0,1.8467e-05,4.2515e-05,7.38307e-05,0.000114611,0.000167715,0.000236868,0.00032692,0.000444187,0.000596895,0.000795753,0.00105471,0.00139193,0.00183105,0.0024029,0.00314756,0.00411726,0.00538003,0.00702443,inf	4716.87,4716.87,1353.93,1172.86,1529,1608.32,1761.34,1575.11,1282.08,1056.2,933.521,807.472,728.138,714.88,701.009,805.636,1761.38,438737,438737
0.000182278	-279333.50	0,1.8467e-05,4.2515e-05,7.38307e-05,0.000114611,0.000167715,0.000236868,0.00032692,0.000444187,0.000596895,0.000795753,0.00105471,0.00139193,0.00183105,0.0024029,0.00314756,0.00411726,0.00538003,0.00702443,inf	4716.87,4716.87,1353.93,1168.82,1531.14,1605.11,1764.37,1575.11,1282.08,1056.2,933.521,807.472,728.138,713.464,693.19,795.302,1774.44,438737,438737
