time_index	left_time_boundary	right_time_boundary	lambda
0	0	1.98647e-05	5250.51
1	1.98647e-05	4.57328e-05	5250.51
2	4.57328e-05	7.94187e-05	2401.35
3	7.94187e-05	0.000123285	1603.47
4	0.000123285	0.000180408	1561.65
5	0.000180408	0.000254795	1647.44
6	0.000254795	0.000351663	1694.66
7	0.000351663	0.000477806	1491.5
8	0.000477806	0.000642072	1158.44
9	0.000642072	0.000855981	935.801
10	0.000855981	0.00113454	832.718
11	0.00113454	0.00149728	777.17
12	0.00149728	0.00196964	731.96
13	0.00196964	0.00258476	686.532
14	0.00258476	0.00338578	586.954
15	0.00338578	0.00442889	461.295
16	0.00442889	0.00578723	476.654
17	0.00578723	0.00755609	1137.82
18	0.00755609	inf	1137.82
