9.7056e-06	-21973.07	0,2.3662e-06,5.44751e-06,9.46004e-06,1.46852e-05,2.14895e-05,3.03502e-05,4.18887e-05,5.69144e-05,7.6481e-05,0.000101961,0.000135141,0.000178349,0.000234616,0.000307887,0.000403301,0.000527551,0.000689352,0.000900051,inf	4761.64,4761.64,12186.9,12156.9,10663.9,9883.33,9453.72,8975.96,8454.51,7929.27,7336.29,6532.5,5432.29,4186.24,3114.52,2394.62,1961.02,1096.38,1096.38
1.09929e-05	-21243.38	0,2.3662e-06,5.44751e-06,9.46004e-06,1.46852e-05,2.14895e-05,3.03502e-05,4.18887e-05,5.69144e-05,7.6481e-05,0.000101961,0.000135141,0.000178349,0.000234616,0.000307887,0.000403301,0.000527551,0.000689352,0.000900051,inf	4230.33,4230.33,12038.6,13794.5,10565.5,8512.84,7519.12,6435.06,5322.07,4433.91,3750.9,3117.34,2487.71,1952.7,1586.23,1422.14,1393.69,561.846,561.846
1.33682e-05	-21131.97	0,2.3662e-06,5.44751e-06,9.46004e-06,1.46852e-05,2.14895e-05,3.03502e-05,4.18887e-05,5.69144e-05,7.6481e-05,0.000101961,0.000135141,0.000178349,0.000234616,0.000307887,0.000403301,0.000527551,0.000689352,0.000900051,inf	4249.65,4249.65,11368.6,15074.3,10461.4,7598.15,6288.79,4898.19,3660.65,2876.74,2418.33,2051.8,1697.86,1413.52,1249.41,1282.27,1597.71,362.12,362.12
1.58401e-05	-21149.16	0,2.3662e-06,5.44751e-06,9.46004e-06,1.46852e-05,2.14895e-05,3.03502e-05,4.18887e-05,5.69144e-05,7.6481e-05,0.000101961,0.000135141,0.000178349,0.000234616,0.000307887,0.000403301,0.000527551,0.000689352,0.000900051,inf	4305.12,4305.12,10571.4,16009.9,10334.5,7009.5,5531.94,3987.76,2771.09,2126.6,1823.5,1595.29,1358.32,1170.24,1091.94,1252.22,2107.61,303.551,303.551
1.84436e-05	-21163.15	0,2.3662e-06,5.44751e-06,9.46004e-06,1.46852e-05,2.14895e-05,3.03502e-05,4.18887e-05,5.69144e-05,7.6481e-05,0.000101961,0.000135141,0.000178349,0.000234616,0.000307887,0.000403301,0.000527551,0.000689352,0.000900051,inf	4368.96,4368.96,9897.89,16814.4,10239.4,6627.78,5034.55,3395.71,2234.29,1703.3,1498.45,1342.69,1156.75,1006.71,965.304,1196.12,2695.94,286.972,286.972
2.1253e-05	-21155.95	0,2.3662e-06,5.44751e-06,9.46004e-06,1.46852e-05,2.14895e-05,3.03502e-05,4.18887e-05,5.69144e-05,7.6481e-05,0.000101961,0.000135141,0.000178349,0.000234616,0.000307887,0.000403301,0.000527551,0.000689352,0.000900051,inf	4439.91,4439.91,9407.24,17562.6,10166.7,6366.02,4677.21,2977.19,1882.11,1441.64,1302.19,1185.32,1019.64,882.9,856.083,1117.69,3254.81,276.554,276.554
2.42524e-05	-21146.92	0,2.3662e-06,5.44751e-06,9.46004e-06,1.46852e-05,2.14895e-05,3.03502e-05,4.18887e-05,5.69144e-05,7.6481e-05,0.000101961,0.000135141,0.000178349,0.000234616,0.000307887,0.000403301,0.000527551,0.000689352,0.000900051,inf	4526.29,4526.29,9069.08,18219.8,10078.4,6161.91,4392.94,2661.23,1638.05,1271.43,1177.63,1080.43,918.883,784.436,762.368,1032.57,3757,269.111,269.111
2.74094e-05	-21137.64	0,2.3662e-06,5.44751e-06,9.46004e-06,1.46852e-05,2.14895e-05,3.03502e-05,4.18887e-05,5.69144e-05,7.6481e-05,0.000101961,0.000135141,0.000178349,0.000234616,0.000307887,0.000403301,0.000527551,0.000689352,0.000900051,inf	4619.65,4619.65,8852.29,18761.6,9956.96,5981.44,4147.71,2411.41,1462.5,1157.37,1096.39,1006.8,840.64,703.965,682.668,950.416,4196.55,263.291,263.291
3.06842e-05	-21128.80	0,2.3662e-06,5.44751e-06,9.46004e-06,1.46852e-05,2.14895e-05,3.03502e-05,4.18887e-05,5.69144e-05,7.6481e-05,0.000101961,0.000135141,0.000178349,0.000234616,0.000307887,0.000403301,0.000527551,0.000689352,0.000900051,inf	4719.02,4719.02,8739.91,19201.2,9812.91,5816.69,3931.57,2211.6,1335.27,1081.56,1044.22,953.852,778.104,637.545,615.506,875.603,4576.59,258.326,258.326
3.40349e-05	-21120.82	0,2.3662e-06,5.44751e-06,9.46004e-06,1.46852e-05,2.14895e-05,3.03502e-05,4.18887e-05,5.69144e-05,7.6481e-05,0.000101961,0.000135141,0.000178349,0.000234616,0.000307887,0.000403301,0.000527551,0.000689352,0.000900051,inf	4818.16,4818.16,8713.96,19546.2,9653.53,5662,3737.98,2050.27,1242.77,1032.38,1011.79,914.646,726.73,582.099,558.955,809.388,4903.29,253.792,253.792
3.74229e-05	-21113.92	0,2.3662e-06,5.44751e-06,9.46004e-06,1.46852e-05,2.14895e-05,3.03502e-05,4.18887e-05,5.69144e-05,7.6481e-05,0.000101961,0.000135141,0.000178349,0.000234616,0.000307887,0.000403301,0.000527551,0.000689352,0.000900051,inf	4923.18,4923.18,8759.19,19805.9,9485.95,5514.77,3563.48,1919.48,1175.94,1002.27,993.013,884.725,683.578,535.339,511.199,751.559,5183.45,249.472,249.472
4.08194e-05	-21108.14	0,2.3662e-06,5.44751e-06,9.46004e-06,1.46852e-05,2.14895e-05,3.03502e-05,4.18887e-05,5.69144e-05,7.6481e-05,0.000101961,0.000135141,0.000178349,0.000234616,0.000307887,0.000403301,0.000527551,0.000689352,0.000900051,inf	5042.63,5042.63,8862.96,19989.8,9315.49,5373.58,3405.74,1813.16,1128.36,986.054,983.681,861.101,646.609,495.473,470.608,701.214,5425.85,245.282,245.282
4.41985e-05	-21103.40	0,2.3662e-06,5.44751e-06,9.46004e-06,1.46852e-05,2.14895e-05,3.03502e-05,4.18887e-05,5.69144e-05,7.6481e-05,0.000101961,0.000135141,0.000178349,0.000234616,0.000307887,0.000403301,0.000527551,0.000689352,0.000900051,inf	5152.5,5152.5,9012.78,20105.6,9145.78,5237.52,3262.96,1726.65,1095.45,980.078,980.906,841.814,614.431,461.158,435.871,657.374,5635.23,241.202,241.202
4.75446e-05	-21099.62	0,2.3662e-06,5.44751e-06,9.46004e-06,1.46852e-05,2.14895e-05,3.03502e-05,4.18887e-05,5.69144e-05,7.6481e-05,0.000101961,0.000135141,0.000178349,0.000234616,0.000307887,0.000403301,0.000527551,0.000689352,0.000900051,inf	5271.26,5271.26,9199.92,20163.4,8979.05,5106.1,3133.61,1656.21,1073.84,981.707,982.621,825.522,586.026,431.33,405.896,619.035,5818.17,237.232,237.232
5.08454e-05	-21096.65	0,2.3662e-06,5.44751e-06,9.46004e-06,1.46852e-05,2.14895e-05,3.03502e-05,4.18887e-05,5.69144e-05,7.6481e-05,0.000101961,0.000135141,0.000178349,0.000234616,0.000307887,0.000403301,0.000527551,0.000689352,0.000900051,inf	5385.14,5385.14,9415.95,20170.5,8816.88,4979.04,3016.34,1598.9,1061.03,989.025,987.364,811.325,560.658,405.172,379.821,585.335,5978.97,233.381,233.381
5.40913e-05	-21094.39	0,2.3662e-06,5.44751e-06,9.46004e-06,1.46852e-05,2.14895e-05,3.03502e-05,4.18887e-05,5.69144e-05,7.6481e-05,0.000101961,0.000135141,0.000178349,0.000234616,0.000307887,0.000403301,0.000527551,0.000689352,0.000900051,inf	5505.33,5505.33,9654.25,20135.2,8660,4856.21,2909.92,1552.38,1055.14,1000.62,994.115,798.626,537.787,382.052,356.972,555.555,6120.86,229.648,229.648
5.72767e-05	-21092.73	0,2.3662e-06,5.44751e-06,9.46004e-06,1.46852e-05,2.14895e-05,3.03502e-05,4.18887e-05,5.69144e-05,7.6481e-05,0.000101961,0.000135141,0.000178349,0.000234616,0.000307887,0.000403301,0.000527551,0.000689352,0.000900051,inf	5625.77,5625.77,9908.35,20064.1,8508.54,4737.39,2813.23,1514.74,1054.77,1015.44,1002.14,787.014,516.999,361.471,336.804,529.088,6246.87,226.029,226.029
6.03985e-05	-21091.60	0,2.3662e-06,5.44751e-06,9.46004e-06,1.46852e-05,2.14895e-05,3.03502e-05,4.18887e-05,5.69144e-05,7.6481e-05,0.000101961,0.000135141,0.000178349,0.000234616,0.000307887,0.000403301,0.000527551,0.000689352,0.000900051,inf	5757.2,5757.2,10173.6,19963.8,8362.67,4622.45,2725.25,1484.47,1058.8,1032.67,1010.92,776.206,497.971,343.025,318.88,505.428,6359.58,222.514,222.514
6.34554e-05	-21090.93	0,2.3662e-06,5.44751e-06,9.46004e-06,1.46852e-05,2.14895e-05,3.03502e-05,4.18887e-05,5.69144e-05,7.6481e-05,0.000101961,0.000135141,0.000178349,0.000234616,0.000307887,0.000403301,0.000527551,0.000689352,0.000900051,inf	5884.07,5884.07,10444.6,19839.5,8221.96,4511.23,2645.01,1460.34,1066.38,1051.7,1020.08,765.997,480.444,326.391,302.847,484.157,6461.05,219.094,219.094
6.64466e-05	-21090.69	0,2.3662e-06,5.44751e-06,9.46004e-06,1.46852e-05,2.14895e-05,3.03502e-05,4.18887e-05,5.69144e-05,7.6481e-05,0.000101961,0.000135141,0.000178349,0.000234616,0.000307887,0.000403301,0.000527551,0.000689352,0.000900051,inf	6016.38,6016.38,10717.7,19696.3,8086.24,4403.63,2571.71,1441.34,1076.84,1072.05,1029.34,756.244,464.213,311.308,288.421,464.934,6552.87,215.755,215.755
