time_index	left_time_boundary	right_time_boundary	lambda
0	0	2.3662e-06	6016.38
1	2.3662e-06	5.44751e-06	6016.38
2	5.44751e-06	9.46004e-06	10717.7
3	9.46004e-06	1.46852e-05	19696.3
4	1.46852e-05	2.14895e-05	8086.24
5	2.14895e-05	3.03502e-05	4403.63
6	3.03502e-05	4.18887e-05	2571.71
7	4.18887e-05	5.69144e-05	1441.34
8	5.69144e-05	7.6481e-05	1076.84
9	7.6481e-05	0.000101961	1072.05
10	0.000101961	0.000135141	1029.34
11	0.000135141	0.000178349	756.244
12	0.000178349	0.000234616	464.213
13	0.000234616	0.000307887	311.308
14	0.000307887	0.000403301	288.421
15	0.000403301	0.000527551	464.934
16	0.000527551	0.000689352	6552.87
17	0.000689352	0.000900051	215.755
18	0.000900051	inf	215.755
