1	2669579	2669579	CT
1	4429340	1431575	AG
1	7669579	2669579	CT
1	9429340	1431575	AG
1	10000401	401	GA
1	10002764	1442	TC
1	10012943	4105	CG
1	10016187	1657	AG
1	10016362	175	AG
1	10016424	62	AT
1	10016714	290	CT
1	10016715	1	TC
1	10016793	78	GT
1	10017676	526	AT
1	10017681	5	AG
1	10017690	9	GC
1	10017909	219	AG
1	10018406	331	TA
1	10019593	451	CA
1	10020900	1083	TC
1	10023491	1348	TC
1	10023531	40	GC
1	10024084	405	CG
1	10024114	30	GA
1	10024675	370	GC
1	10024776	101	AT
1	10024957	181	TC
1	10025414	264	AG
1	10025493	79	CG
1	10025496	3	GC
1	10025579	53	AC
1	10025593	14	GT
1	10025617	24	TC
1	10025768	76	CA
1	10026092	324	GA
1	10026159	67	CT
1	10026933	469	CA
1	10027233	300	CG
1	10028957	1521	GT
1	10029540	481	CT
1	10029581	41	CT
1	10030079	307	AG
1	10030754	675	CG
1	10031380	626	AG
1	10033241	1433	CT
1	10033422	181	TC
1	10033950	365	AC
1	10034446	395	TC
1	10034710	53	TG
1	10034737	27	TA
1	10034976	239	CG
1	10034992	16	TC
1	10035017	25	TC
1	10035075	58	TC
1	10035344	269	TC
1	10035451	107	AC
1	10035596	145	CG
1	10035602	6	TC
1	10035718	116	TC
1	10035723	5	TC
1	10035769	46	GA
1	10035826	57	CT
1	10036096	270	AG
1	10037033	418	TC
1	10037385	352	TC
1	10037406	21	CA
1	10037465	59	TC
1	10038468	254	AG
1	10038486	18	GA
1	10038501	15	AG
1	10038510	9	AG
1	10038519	9	TA
1	10038738	219	GA
1	10038857	119	TC
1	10038917	60	TC
1	10039425	322	CT
1	10039497	72	AG
1	10039524	27	CT
1	10039576	52	TA
1	10039786	210	TC
1	10039797	11	CG
1	10039885	88	TC
1	10039912	27	CT
1	10039967	55	TC
1	10042873	1377	TG
1	10044098	1225	AG
1	10044230	132	CT
1	10044414	121	GA
1	10044442	28	GA
1	10044471	29	GA
1	10044517	46	GA
1	10045071	164	CT
1	10046467	593	GA
1	10046604	137	CT
1	10047100	273	AT
1	10047105	5	TG
1	10047251	146	GA
1	10047393	142	AC
1	10048012	315	GT
1	10048711	268	AG
1	10048751	40	TC
1	10048769	18	TC
1	10049222	317	GA
1	10049224	2	GA
1	10049784	560	GA
1	10050273	289	CA
1	10051023	488	AG
1	10051070	47	AG
1	10051143	73	TC
1	10051144	1	GA
1	10051273	129	GA
1	10051351	78	CT
1	10051493	142	TC
1	10051780	287	TC
1	10051784	4	GT
1	10052311	142	TC
1	10052323	12	AG
1	10052528	205	TC
1	10052750	74	AG
1	10052810	60	GT
1	10052860	50	GA
1	10052894	34	GA
1	10052979	85	AG
1	10053021	42	GT
1	10053036	15	GA
1	10054154	1118	TC
1	10055915	1332	CT
1	10056084	169	CG
1	10056278	194	CG
1	10056428	76	CG
1	10056662	36	GA
1	10056967	65	AG
1	10057092	125	AG
1	10057100	8	CT
1	10057246	146	AG
1	10057702	456	AG
1	10057836	20	GA
1	10057988	152	TC
1	10058286	252	AG
1	10058323	37	GA
1	10063696	3678	AG
1	10063947	251	GA
1	10064878	470	GA
1	10065315	437	GC
1	10066418	738	TC
1	10066514	96	AC
1	10067760	253	GA
1	10073214	3185	AG
1	10074829	1038	CT
1	10078891	1330	GA
1	10079037	146	GA
1	10079059	22	AG
1	10079478	419	GC
1	10079574	60	AG
1	10079584	10	TC
1	10080989	533	TC
1	10081154	64	CT
1	10081205	51	TC
1	10081427	222	GT
1	10081695	268	AG
1	10081696	1	AG
1	10081770	74	AG
1	10081784	14	GA
1	10081941	157	AG
1	10082060	119	GA
1	10082093	33	GA
1	10082422	226	AG
1	10082454	32	GC
1	10082581	127	GA
1	10082662	81	TC
1	10082919	257	GA
1	10082951	32	TA
1	10083561	160	TG
1	10083585	24	CA
1	10084742	605	GA
1	10084776	34	CT
1	10085780	635	AG
1	10085800	20	TC
1	10087572	290	CG
1	10087599	27	TC
1	10087654	55	TC
1	10087877	223	GT
1	10088247	370	AG
1	10090000	1264	GA
1	10092626	1139	GC
1	10093771	1126	GC
1	10093799	28	TC
1	10106226	6867	AG
1	10108430	854	CT
1	10108935	211	TC
1	10109545	610	CT
1	10109563	18	GC
1	10109995	432	AG
1	10110384	249	CA
1	10110400	16	AG
1	10110446	46	TC
1	10110801	124	GA
1	10111023	93	GA
1	10111178	155	GA
1	10111191	13	CT
1	10111202	11	AG
1	10111905	703	GA
1	10111986	81	TC
1	10115294	2165	CG
1	10116896	1234	TC
1	10118629	936	AG
1	10121964	2076	GA
1	10123786	1309	GA
1	10125722	1230	GC
1	10126361	639	TC
1	10126391	30	AG
1	10134286	5794	AG
1	10136437	1665	CT
1	10136626	189	AG
1	10136790	164	AG
1	10140102	2755	GA
1	10142632	2255	TG
1	10143685	1009	TC
1	10144538	757	AG
1	10145383	801	CT
1	10145502	119	GC
1	10146124	550	AG
1	10146370	87	GA
1	10146633	263	GT
1	10146789	156	GA
1	10146877	88	TC
1	10146960	83	AC
1	10148618	1382	CT
1	10148942	49	CT
1	10149122	180	TG
1	10150589	1288	AG
1	10151067	446	GA
1	10151177	110	AG
1	10151332	155	CG
1	10151376	44	AG
1	10151547	171	AG
1	10152111	504	TC
1	10152249	138	TC
1	10152253	4	TC
1	10152391	138	GA
1	10152395	4	AC
1	10152399	4	TC
1	10152469	70	TC
1	10153424	873	GT
1	10154651	977	AG
1	10162754	5773	TC
1	10164087	465	GC
1	10168300	1701	GA
1	10170564	2069	AG
1	10170614	50	TC
1	10170720	106	CT
1	10170841	121	CA
1	10171548	707	CT
1	10171569	21	AC
1	10172031	163	GT
1	10172419	332	TG
1	10173221	557	AT
1	10173597	376	AG
1	10173840	243	AG
1	10173884	44	TC
1	10174392	378	GA
1	10174764	372	CT
1	10175448	599	GA
1	10175795	238	TC
1	10175828	33	TC
1	10176032	204	GA
1	10176357	112	CG
1	10176718	361	CT
1	10176723	5	CG
1	10177160	437	CA
1	10177800	566	AG
1	10178519	345	TC
1	10178556	37	CA
1	10179799	1150	CG
1	10180400	158	CT
1	10180550	150	TA
1	10181118	551	GA
1	10181131	13	TC
1	10183609	1950	CA
1	10184054	445	AG
1	10184251	197	GC
1	10184404	153	TC
1	10185592	303	AG
1	10185924	332	TC
1	10186379	156	TA
1	10186615	236	GA
1	10186740	125	TC
1	10187528	377	GT
1	10187999	471	CT
1	10188057	58	CT
1	10188330	273	TG
1	10188776	446	CA
1	10189760	536	GC
1	10189780	20	TG
1	10189818	38	CT
1	10192367	859	CT
1	10192386	19	GT
1	10192410	24	GA
1	10192542	132	AC
1	10192594	52	CA
1	10193091	461	GA
1	10193852	722	GA
1	10194297	216	TA
1	10194522	225	TC
1	10194527	5	TA
1	10194548	21	AT
1	10200360	2951	CT
1	10203302	1962	GA
1	10207618	2698	GA
1	10208892	764	GT
1	10211958	2208	AG
1	10214696	2373	TC
1	10214964	268	GA
1	10215076	112	CT
1	10216919	726	GC
1	10217624	705	CG
1	10218066	202	GA
1	10218292	121	AG
1	10218631	339	AG
1	10219340	620	AG
1	10219501	161	AG
1	10219758	257	CT
1	10220299	345	AG
1	10220488	189	GT
1	10220665	177	GC
1	10221258	270	CT
1	10221339	81	CT
1	10221535	196	GT
1	10222008	473	CT
1	10222547	408	CG
1	10222751	204	AG
1	10223614	672	GC
1	10223813	199	AC
1	10224394	214	CG
1	10224403	9	CT
1	10224419	16	AG
1	10225092	464	GT
1	10227877	2077	AG
1	10228871	790	GC
1	10229053	182	GA
1	10230609	1325	TC
1	10231403	384	TC
1	10232441	775	GA
1	10232845	404	GA
1	10233088	199	GA
1	10233326	199	GC
1	10237610	2164	GA
1	10245562	3488	TC
1	10251627	2958	AG
1	10252555	877	GA
1	10252723	103	TC
1	10252744	21	GA
1	10253567	480	CT
1	10253629	62	GT
1	10253634	5	CG
1	10253729	95	CT
1	10253860	131	GA
1	10253916	56	CA
1	10253921	5	GA
1	10254055	134	GA
1	10254161	106	AC
1	10254168	7	TA
1	10254179	11	AT
1	10254248	69	AG
1	10254437	138	AG
1	10254680	243	AG
1	10255658	244	TG
1	10255971	313	AG
1	10256376	405	TC
1	10256915	210	AG
1	10257374	295	TC
1	10259015	766	AC
1	10259053	38	TC
1	10260133	709	TC
1	10263923	866	TC
1	10264300	229	CT
1	10267733	1367	GT
1	10268038	41	CT
1	10268631	593	CT
1	10271364	2634	TC
1	10272016	419	GA
1	10275109	1554	GA
1	10275204	95	GT
1	10275743	339	CG
1	10275748	5	CT
1	10277192	896	TC
1	10278087	816	AG
1	10280221	1522	CT
1	10281079	722	GA
1	10282920	1377	AT
1	10285321	1768	TC
1	10285942	440	AG
1	10286722	780	GA
1	10288147	1332	CG
1	10288224	77	TC
1	10288371	147	GA
1	10288372	1	AG
1	10292234	2791	TG
1	10292589	308	GA
1	10297720	3890	CT
1	10297966	246	TC
1	10301077	2097	GA
1	10301142	65	AG
1	10302278	815	CT
1	10303018	228	AG
1	10303064	46	CT
1	10303423	275	CT
1	10303447	24	AG
1	10303690	243	TC
1	10303839	149	TC
1	10304092	38	GA
1	10305763	1138	CT
1	10305870	107	CT
1	10306272	272	TC
1	10306427	155	GA
1	10306461	34	AG
1	10306694	233	GA
1	10306969	275	GC
1	10307075	106	AC
1	10307608	419	TC
1	10307639	31	AG
1	10307801	162	GA
1	10307992	191	AT
1	10308043	51	CG
1	10308658	478	AG
1	10309088	372	TG
1	10309509	421	GA
1	10310291	782	CA
1	10312120	1754	CG
1	10313942	1797	TC
1	10315560	1079	TC
1	10316628	1068	GA
1	10316712	84	CT
1	10318887	1448	TC
1	10319024	137	AT
1	10319025	1	GA
1	10319026	1	GT
1	10320287	1261	GA
1	10323360	2092	GA
1	10324527	660	CT
1	10325480	953	CT
1	10326692	1082	TC
1	10327252	312	TG
1	10328790	1343	TA
1	10329314	364	CA
1	10330180	793	TC
1	10330423	243	CT
1	10330469	46	TC
1	10331875	1125	CT
1	10333041	887	CT
1	10333554	513	CG
1	10333939	321	GT
1	10333978	39	CG
1	10334935	826	TC
1	10335481	90	TG
1	10335639	158	CT
1	10336243	332	AG
1	10336636	393	GC
1	10336754	118	CT
1	10336759	5	CT
1	10337420	661	CT
1	10337570	150	GA
1	10337865	114	TC
1	10338065	200	AG
1	10339031	966	TC
1	10339198	167	CT
1	10339330	132	AT
1	10339602	220	CT
1	10340500	752	TG
1	10342866	1578	CT
1	10343079	213	TC
1	10343390	311	TC
1	10343753	363	CA
1	10343956	203	TC
1	10344419	463	CT
1	10344787	163	AG
1	10344809	22	TC
1	10345618	600	TC
1	10345628	10	TG
1	10346587	672	GA
1	10346588	1	CG
1	10347392	604	AC
1	10347669	277	AT
1	10347793	124	TA
1	10348182	389	TG
1	10348368	186	AC
1	10350728	1493	AC
1	10351581	512	AG
1	10351744	163	AT
1	10352287	543	CT
1	10353029	261	TG
1	10354138	830	CG
1	10354181	43	TA
1	10354201	20	CT
1	10354466	265	GT
1	10355217	218	CA
1	10355267	50	TA
1	10355466	199	CT
1	10355476	10	AG
1	10355781	305	AG
1	10355817	36	CT
1	10355938	121	GA
1	10356020	82	TC
1	10356114	94	AG
1	10356217	103	AC
1	10356475	258	AG
1	10356538	63	AG
1	10356644	106	TC
1	10356663	19	CG
1	10356672	9	CT
1	10356824	152	CT
1	10356825	1	CT
1	10357027	202	AG
1	10357421	273	CT
1	10357973	174	TC
1	10358336	334	AG
1	10358364	28	AG
1	10360757	876	TC
1	10361250	368	CT
1	10361434	184	GA
1	10361728	294	GA
1	10361736	8	CG
1	10362142	152	TC
1	10362634	319	TG
1	10363100	466	CG
1	10363893	509	CA
1	10364320	137	CT
1	10364470	59	GA
1	10364637	167	AG
1	10365426	574	TC
1	10365790	364	GA
1	10366019	229	AG
1	10366817	798	CG
1	10367508	159	TG
1	10369012	1020	AC
1	10369439	427	TA
1	10369447	8	AG
1	10370687	400	GT
1	10370722	35	TC
1	10370909	187	AG
1	10371063	95	AC
1	10372419	1080	GA
1	10372516	97	GC
1	10373287	704	GT
1	10373529	242	CG
1	10373652	123	CT
1	10376068	1186	CT
1	10376078	10	TC
1	10376358	280	AG
1	10377018	525	AG
1	10379180	1940	CT
1	10379401	221	GA
1	10379460	59	GC
1	10379484	24	TG
1	10379600	116	TC
1	10379603	3	CT
1	10379830	227	CT
1	10380777	907	CT
1	10380796	19	CG
1	10380816	20	GA
1	10381056	24	GA
1	10381177	121	CT
1	10381182	5	CT
1	10382178	665	TC
1	10382410	188	GA
1	10384233	1182	TC
1	10384675	54	TC
1	10385400	322	CT
1	10386258	829	TC
1	10386344	86	GA
1	10386703	300	GA
1	10386878	100	TC
1	10387311	304	AG
1	10388225	826	GA
1	10388300	75	CT
1	10388872	516	CA
1	10388904	32	AG
1	10389498	594	AG
1	10389547	49	GA
1	10389778	83	CT
1	10390450	672	GT
1	10390674	67	TA
1	10391418	744	CT
1	10391445	27	AG
1	10391462	17	CT
1	10391810	247	AG
1	10391817	7	CT
1	10391854	37	TC
1	10392223	127	CT
1	10392408	185	CA
1	10393172	421	TC
1	10393496	324	GC
1	10393542	46	AG
1	10393632	90	AG
1	10394087	324	CT
1	10394154	67	CA
1	10394214	60	TC
1	10394992	236	GC
1	10395111	119	CT
1	10395221	110	CG
1	10395394	105	AG
1	10396089	256	AG
1	10396096	7	AG
1	10398312	957	TC
1	10398377	65	GA
1	10398420	43	CT
1	10398786	366	GA
1	10399043	257	AT
1	10399503	201	TA
1	10401256	897	GA
1	10402324	764	TA
1	10402710	224	AG
1	10402849	100	TC
1	10402895	46	AG
1	10403139	244	CA
1	10403228	89	AG
1	10403523	295	CT
1	10404189	474	CT
1	10404562	373	AG
1	10404652	90	AT
1	10405057	369	AG
1	10405359	302	TG
1	10405599	240	TC
1	10405619	20	TC
1	10405665	46	AG
1	10405714	49	GA
1	10405768	54	CA
1	10406214	446	AC
1	10406420	206	GA
1	10406489	69	GC
1	10406737	248	AG
1	10407003	266	CG
1	10408924	738	CT
1	10409038	114	TC
1	10409299	261	TC
1	10412474	2530	AC
1	10412526	52	TA
1	10413081	555	TC
1	10413169	88	CT
1	10423084	6959	TG
1	10423741	338	CA
1	10424768	359	TC
1	10424997	68	TC
1	10425017	20	TG
1	10427287	1697	TC
1	10427654	367	GC
1	10429540	1406	TG
1	10429638	98	GA
1	10430887	864	TC
1	10436662	3845	TC
1	10439057	1190	TC
1	10439471	414	AT
1	10439618	147	AG
1	10439651	33	GA
1	10439671	20	AG
1	10439963	253	GA
1	10440881	583	CT
1	10440896	15	TC
1	10441022	126	GA
1	10441518	439	TC
1	10451279	7442	GA
1	10453309	1776	AC
1	10458064	4111	AG
1	10459571	1065	CT
1	10462615	1222	TG
1	10462622	7	CT
1	10462676	54	GA
1	10464946	1213	AG
1	10465492	390	GA
1	10465892	320	GA
1	10466563	462	GT
1	10467077	415	CG
1	10467078	1	TG
1	10478638	8036	CT
1	10483086	2325	GC
1	10483406	320	AG
1	10488036	2074	CT
1	10489522	555	CG
1	10491899	913	TC
1	10492844	877	AC
1	10496241	2853	GC
1	10496376	135	AG
1	10499721	2516	GT
1	10499815	94	AC
1	10500697	240	CT
1	10502151	945	AG
1	10502492	341	CG
1	10502493	1	CT
1	10502537	44	AC
1	10502739	202	CT
1	10503014	7	CT
1	10503175	161	CT
1	10503176	1	AG
1	10503181	5	CT
1	10504250	384	CT
1	10504284	34	CT
1	10504470	186	AC
1	10504500	30	TC
1	10505256	494	TC
1	10507099	1359	AG
1	10507183	84	CT
1	10507704	521	GA
1	10507833	129	CA
1	10509119	620	TG
1	10509310	191	TC
1	10509348	38	AG
1	10509369	21	AG
1	10510208	839	CT
1	10510271	63	AG
1	10510610	232	GA
1	10510635	25	CT
1	10511994	525	AG
1	10512113	119	GA
1	10512228	115	CT
1	10512444	116	TA
1	10512734	290	AG
1	10513616	781	GA
1	10515785	1640	AG
1	10516617	422	TC
1	10517159	542	CT
1	10517369	210	AG
1	10517584	215	CA
1	10519038	949	AG
1	10521438	1903	GA
1	10522088	650	AG
1	10522113	25	TC
1	10523118	848	TC
1	10523123	5	AG
1	10523164	41	GA
1	10523327	135	GC
1	10523428	101	GC
1	10523805	230	AG
1	10523818	13	CT
1	10523888	70	CT
1	10523920	32	TA
1	10523928	8	CT
1	10523961	33	GA
1	10524010	49	AG
1	10524029	19	GA
1	10524049	20	CT
1	10524107	58	TC
1	10524192	85	TA
1	10524194	2	TC
1	10524203	9	CT
1	10524300	97	TG
1	10524318	18	GC
1	10524450	31	TC
1	10524456	6	CG
1	10524463	7	AT
1	10524519	56	GA
1	10524573	54	CA
1	10524751	178	GT
1	10525024	228	CT
1	10525144	120	GA
1	10525578	244	GA
1	10525680	102	TC
1	10525697	17	TA
1	10527144	1322	AG
1	10527404	260	TA
1	10532267	1150	GA
1	10532571	304	CA
1	10533315	400	GA
1	10534558	1201	AC
1	10534662	104	TC
1	10536713	1007	TG
1	10536722	9	CT
1	10536723	1	AG
1	10536880	157	TG
1	10537245	365	TC
1	10539967	975	TC
1	10540081	114	AC
1	10540332	251	CG
1	10540567	235	AG
1	10540586	19	CT
1	10540675	89	TA
1	10540678	3	CA
1	10540702	24	GT
1	10540840	138	CA
1	10541010	170	TC
1	10541055	45	CT
1	10541104	49	GC
1	10541491	387	GA
1	10541820	329	CT
1	10541898	78	GA
1	10543031	460	CT
1	10543044	13	CG
1	10547856	1557	CT
1	10548245	389	TA
1	10548246	1	AT
1	10549328	741	AT
1	10550005	563	TC
1	10550556	476	TC
1	10550716	160	CG
1	10553584	2137	CG
1	10554386	656	CT
1	10558053	2851	GA
1	10564525	4152	TC
1	10574946	6240	CT
1	10586547	8348	TA
1	10591308	3351	GA
1	10593255	776	TG
1	10601068	2368	GC
1	10603974	1102	CA
1	10604101	25	TC
1	10604128	27	GA
1	10604146	18	AG
1	10605469	346	AG
1	10605642	173	CT
1	10605846	204	CT
1	10606159	313	GA
1	10606182	23	AG
1	10606281	99	TC
1	10608332	973	AC
1	10608341	9	TC
1	10608613	272	GC
1	10608831	74	CT
1	10608832	1	AG
1	10609241	277	CT
1	10613433	3024	CT
1	10617434	2885	GA
1	10618546	387	GA
1	10618620	74	GA
1	10620383	1535	CA
1	10620899	255	CA
1	10621111	212	CG
1	10621194	83	CA
1	10621770	341	GA
1	10622842	745	AG
1	10623325	169	AG
1	10624066	609	CG
1	10624526	167	TC
1	10624583	57	TC
1	10625180	350	CG
1	10628820	2118	GA
1	10629120	300	TC
1	10629341	61	GA
1	10629505	164	CT
1	10629666	161	CT
1	10630560	841	TC
1	10631289	407	CT
1	10632293	803	CG
1	10633037	744	TC
1	10633054	17	AG
1	10633510	330	GA
1	10634005	370	GA
1	10634418	225	CT
1	10635584	596	GC
1	10636056	472	AC
1	10636099	43	TC
1	10637320	784	AG
1	10637817	392	TG
1	10638271	413	TC
1	10638446	175	GT
1	10638523	77	CT
1	10639426	240	GA
1	10639510	84	TC
1	10640359	133	CT
1	10642116	1729	GA
1	10643105	989	TC
1	10643986	582	CT
1	10646107	1119	TC
1	10646245	138	AG
1	10650514	2994	GA
1	10650828	314	CT
1	10650838	10	GA
1	10651453	225	CG
1	10653238	1507	GA
1	10658435	3450	AG
1	10658696	113	AG
1	10659563	756	AC
1	10661694	1105	TC
1	10663679	1123	AG
1	10664346	604	GA
1	10664981	635	CG
1	10666478	1448	TC
1	10666560	82	TC
1	10667861	1192	GA
1	10668832	84	CT
1	10669240	311	AG
1	10669243	3	TC
1	10669941	225	TG
1	10671031	732	CT
1	10671273	207	GC
1	10671309	36	GA
1	10672004	383	AT
1	10673814	1201	TC
1	10675559	1008	TG
1	10675572	13	GA
1	10677094	766	CT
1	10677329	235	CT
1	10677330	1	CT
1	10677349	19	TC
1	10677385	36	GA
1	10678185	105	TC
1	10678233	48	AG
1	10678270	37	GA
1	10678384	114	AG
1	10678687	303	CT
1	10681119	1429	CA
1	10681122	3	TC
1	10681370	248	GA
1	10681440	70	TC
1	10681756	283	GT
1	10683069	849	CT
1	10683189	120	CT
1	10683828	560	AG
1	10684843	492	TC
1	10685043	30	AG
1	10685206	163	AG
1	10685396	190	TA
1	10685783	269	TC
1	10686095	20	TC
1	10687408	305	AG
1	10687752	320	TC
1	10687955	203	GA
1	10688808	853	TA
1	10689352	544	GA
1	10689478	126	AG
1	10690152	281	AT
1	10690401	249	CG
1	10690465	64	CT
1	10693251	1604	CT
1	10694307	647	GT
1	10694355	48	TC
1	10694965	335	AC
1	10694966	1	TC
1	10696404	753	CT
1	10696485	81	TC
1	10696627	142	GC
1	10696642	15	TC
1	10696679	37	TC
1	10697127	448	CT
1	10701766	2431	GA
1	10703945	1132	GA
1	10706748	1200	TG
1	10707246	498	AC
1	10707852	606	GA
1	10711076	2025	TC
1	10713331	1582	AG
1	10714625	1294	GA
1	10717063	854	GT
1	10717657	394	TC
1	10718377	259	GA
1	10719989	776	AG
1	10720602	613	TC
1	10720805	203	GA
1	10721435	630	TC
1	10723941	1593	TC
1	10724741	649	TC
1	10725544	353	GA
1	10726031	298	GA
1	10726280	210	AG
1	10726599	319	GA
1	10727304	532	TC
1	10728200	414	AG
1	10728462	262	AG
1	10732187	1087	GA
1	10734200	1292	CA
1	10734697	474	AG
1	10735304	310	CT
1	10735607	119	CT
1	10737237	826	CT
1	10738182	461	CG
1	10738794	408	TC
1	10739550	700	CT
1	10739749	199	AG
1	10740095	346	GT
1	10740185	90	AG
1	10741057	785	CA
1	10742232	520	TC
1	10743316	648	AG
1	10743815	499	CG
1	10744823	177	GC
1	10745939	369	AG
1	10747045	605	AC
1	10747144	99	GA
1	10747282	138	AG
1	10747584	207	GC
1	10747825	23	TC
1	10750114	1040	TC
1	10750249	135	TC
1	10750477	228	AG
1	10751777	1099	GA
1	10751938	161	AC
1	10754190	918	CT
1	10758821	2940	AG
1	10773803	6676	AT
1	10776980	1035	GA
1	10779366	1255	TC
1	10783394	1961	TC
1	10785154	1474	TC
1	10790086	2338	TC
1	10796521	3740	AC
1	10797087	512	GA
1	10804640	2525	AG
1	10804937	297	GA
1	10805035	98	AG
1	10807612	731	TC
1	10807622	10	GA
1	10809052	950	GA
1	10810830	778	GA
1	10812042	477	CG
1	10813185	699	AG
1	10813229	44	GA
1	10813657	366	GA
1	10814403	659	CT
1	10814492	89	AG
1	10815852	853	GC
1	10816705	853	CT
1	10821957	3409	GA
1	10822132	175	AG
1	10823639	390	AC
1	13656927	1989063	CT
1	13658069	1142	AC
1	13658292	223	TC
1	13658553	261	AG
1	13659116	320	GA
1	13659220	104	CG
1	13660189	179	TC
1	13660427	238	GA
1	13660579	30	CT
1	13660728	149	TG
1	13661592	424	AG
1	13663066	1171	GA
1	13663189	123	TC
1	13665423	1929	GA
1	13665669	246	CA
1	13666870	887	CT
1	13668382	961	CT
1	13668737	237	CT
1	13669318	523	AG
1	13671525	1035	TC
1	13671814	289	AG
1	13671826	12	AG
1	13672480	302	TC
1	13673332	723	CT
1	13674150	791	AG
1	13674915	735	CT
1	13678763	1828	AC
1	13678833	70	AG
1	13679039	206	AG
1	13680431	1271	CT
1	13680560	129	CT
1	13680976	286	TC
1	13681402	426	AG
1	13681533	131	CG
1	13681572	39	TA
1	13681577	5	TC
1	13681659	82	CT
1	13681755	96	AG
1	13681873	7	AG
1	13681930	57	TC
1	13682206	276	GA
1	13682208	2	GA
1	13682439	231	TG
1	13682454	15	TC
1	13682475	21	AG
1	13682498	23	GA
1	13682560	62	TC
1	13682647	87	GA
1	13682657	10	GC
1	13682980	259	TC
1	13682992	12	GA
1	13683004	12	CG
1	13683015	11	TC
1	13683783	344	AT
1	13684782	508	AC
1	13685493	94	AG
1	13685779	286	TC
1	13685919	140	AG
1	13686990	855	TA
1	13687139	149	CA
1	13687434	295	GA
1	13687436	2	CT
1	13688455	341	GT
1	13689939	150	GA
1	13690002	63	TC
1	13690069	67	TC
1	13690193	124	GA
1	13690473	280	GC
1	13690543	70	GA
1	13690804	261	TC
1	13691702	541	CT
1	13692454	707	GA
1	13692686	100	TC
1	13692829	143	AG
1	13693163	85	AG
1	13693466	282	GC
1	13693472	6	GA
1	13693500	28	TC
1	13693555	55	AG
1	13694730	194	CT
1	13694960	230	AG
1	13695351	391	AG
1	13695393	42	CT
1	13695461	68	TG
1	13695952	456	GA
1	13695995	43	AG
1	13696011	16	AC
1	13696024	13	GA
1	13696115	91	CG
1	13696191	76	CT
1	13696200	9	GC
1	13696266	66	AG
1	13696281	15	CG
1	13696742	180	TG
1	13696950	208	CT
1	13697133	142	CT
1	13697299	166	CT
1	13697490	96	CA
1	13697555	65	GT
1	13697588	33	GA
1	13697728	140	AC
1	13698633	742	TC
1	13698769	136	CT
1	13699202	433	TC
1	13702310	2149	CG
1	13703054	744	GA
1	13703066	12	CT
1	13703086	20	CT
1	13703103	17	CT
1	13703762	609	TG
1	13704726	461	GA
1	13704967	241	CT
1	13705120	153	AG
1	13705129	9	CT
1	13705714	585	CT
1	13706032	318	GA
1	13706157	125	TC
1	13706915	503	GA
1	13707255	340	TG
1	13707447	192	AT
1	13707449	2	CT
1	13709048	953	AC
1	13710528	372	GT
1	13710579	51	GA
1	13710610	31	GA
1	13718742	5110	GT
1	13719970	1027	AG
1	13720747	633	GA
1	13720759	12	GT
1	13722062	1283	CT
1	13722343	281	CT
1	13722497	154	AG
1	13726288	2417	GA
1	13730431	2855	GA
1	13735073	2720	TC
1	13735122	49	TA
1	13735418	296	TC
1	13736533	226	TC
1	13736769	236	CT
1	13738217	429	GA
1	13738287	70	TA
1	13738453	166	GA
1	13738614	161	TA
1	13739550	702	CG
1	13740351	235	TC
1	13740683	332	CA
1	13740711	28	CG
1	13740822	111	TG
1	13740834	12	GA
1	13741790	205	AG
1	13742242	381	GA
1	13742250	8	AG
1	13743257	961	AG
1	13743305	48	CA
1	13744392	501	CA
1	13746101	608	AG
1	13746729	391	AG
1	13746871	142	AG
1	13746994	123	AG
1	13747753	688	AC
1	13747858	105	CT
1	13748003	145	AG
1	13748080	77	CA
1	13748171	91	GA
1	13749131	808	GT
1	13749637	427	CG
1	13750780	492	TC
1	13750849	69	GA
1	13751292	443	TG
1	13751438	146	TC
1	13751668	230	AG
1	13752185	258	TC
1	13752209	24	CT
1	13752230	21	AG
1	13752285	6	GA
1	13752344	59	TG
1	13752471	127	GA
1	13752493	22	TC
1	13752550	57	TC
1	13752647	97	AG
1	13752723	76	GT
1	13753205	482	TC
1	13753226	21	GA
1	13753243	17	CT
1	13753302	59	GC
1	13753421	119	GA
1	13753863	310	CT
1	13753901	38	GA
1	13753986	63	TA
1	13754050	64	GA
1	13754104	54	AT
1	13754482	378	CT
1	13754616	134	GA
1	13754893	234	GA
1	13755295	246	GA
1	13755880	585	TG
1	13755928	48	CT
1	13756085	157	GA
1	13756809	264	TG
1	13757983	268	TG
1	13758645	237	GA
1	13758942	297	GA
1	13762685	3185	GA
1	13762953	268	CT
1	13765816	2122	AG
1	13766056	240	GA
1	13766111	55	GC
1	13766158	47	CT
1	13769470	2119	GA
1	13775277	5369	GA
1	13775993	544	AG
1	13776008	15	AG
1	13776030	22	AC
1	13776099	69	CT
1	13777377	984	TC
1	13777603	226	GA
1	13778058	416	AC
1	13780591	2261	TC
1	13780803	212	CT
1	13780820	17	GA
1	13782948	1501	AG
1	13783604	656	CT
1	13783921	317	AG
1	13785249	1104	GT
1	13785545	265	CG
1	13786334	720	GC
1	13786347	13	TC
1	13787683	470	CT
1	13787800	117	CT
1	13787803	3	AG
1	13787857	54	GT
1	13788226	369	GA
1	13789810	711	AC
1	13791080	638	TC
1	13791818	168	GA
1	13791998	180	AG
1	13793752	752	GA
1	13793829	77	TC
1	13793996	167	TA
1	13794362	366	AT
1	13794403	41	AT
1	13794555	152	TC
1	13795561	548	TC
1	13797288	1225	CT
1	13798896	1067	CT
1	13805489	4683	GA
1	13805893	404	CT
1	13805904	11	GA
1	13806242	338	CT
1	13806334	92	TC
1	13806578	244	GA
1	13807984	994	GC
1	13809010	925	CT
1	13809085	75	TC
1	13809648	563	TG
1	13809993	345	GA
1	13810102	109	CT
1	13810115	13	CT
1	13810417	229	GT
1	13810428	11	GT
1	13810787	328	TC
1	13811525	738	GC
1	13811553	28	GC
1	13812684	733	CT
1	13813844	934	CT
1	13814129	259	AG
1	13815894	1765	AG
1	13816289	395	AG
1	13816300	11	TC
1	13816518	218	TG
1	13816573	55	AG
1	13816628	55	GC
1	13816832	204	TC
1	13817039	207	GT
1	13818775	1683	CT
1	13819510	574	AG
1	13820653	1112	TC
1	13821316	561	AT
1	13821533	217	CT
1	13822161	513	TC
1	13822169	8	CT
1	13831330	8597	AG
1	13833052	1647	GT
1	13833142	90	AG
1	13833199	57	AG
1	13833387	188	AG
1	13833601	214	CG
1	13833639	38	TC
1	13836047	2186	TC
1	13836306	259	CG
1	13836656	301	GA
1	13838451	1581	CT
1	13841220	2703	GA
1	13844834	3249	AG
1	13845073	239	CT
1	13846288	1215	TC
1	13846381	93	GA
1	13846526	145	AC
1	13846839	313	GA
1	13849793	1787	TC
1	13850308	178	TC
1	13851470	792	TG
1	13851862	392	CT
1	13852090	131	GA
1	13852293	203	TC
1	13852641	348	AG
1	13855951	1503	CT
1	13855997	46	TC
1	13856197	200	CT
1	13856256	59	GT
1	13856290	34	AG
1	13856553	263	CT
1	13857321	750	GA
1	13857521	200	GT
1	13857540	19	TC
1	13857951	411	GA
1	13857953	2	TC
1	13857987	34	GT
1	13858049	62	CA
1	13858286	237	CT
1	13858547	170	GA
1	13858653	106	CT
1	13858755	76	AG
1	13858958	203	AG
1	13859742	410	CT
1	13859916	174	AG
1	13860176	260	GA
1	13860272	96	CT
1	13860482	210	GA
1	13860501	19	AG
1	13860917	416	CT
1	13861423	449	TC
1	13861536	113	TC
1	13861567	31	CT
1	13861571	4	AG
1	13861575	4	AG
1	13861790	215	TG
1	13861923	133	TC
1	13862589	470	CG
1	13862684	95	AG
1	13862689	5	AG
1	13862696	7	GC
1	13862802	106	CT
1	13863495	429	AG
1	13863765	270	AG
1	13864011	141	CT
1	13864015	4	TC
1	13864091	43	AG
1	13864140	49	AG
1	13864374	234	TC
1	13865195	394	GA
1	13865459	220	CG
1	13865559	100	CT
1	13865566	7	CT
1	13865785	53	TC
1	13865840	55	TC
1	13866276	436	TC
1	13867648	807	TG
1	13867892	244	CT
1	13868306	414	AC
1	13868578	272	TG
1	13869228	650	TC
1	13869229	1	GA
1	13869403	174	CT
1	13869411	8	GA
1	13869418	7	AG
1	13869429	11	TC
1	13869454	25	AG
1	13869507	53	TG
1	13869510	3	GA
1	13869871	361	TC
1	13870038	118	AG
1	13873370	718	GT
1	13873700	265	CG
1	13873714	14	CT
1	13873738	24	AG
1	13874942	760	GA
1	13875026	84	CT
1	13876171	608	CT
1	13876604	433	AG
1	13876754	150	AC
1	13877257	394	CT
1	13877271	14	CT
1	13877528	257	CT
1	13877584	56	AG
1	13877736	152	CT
1	13877789	53	TC
1	13878902	441	TC
1	13878982	80	TC
1	13879963	492	AG
1	13879973	10	GA
1	13880308	335	CT
1	13880322	14	CT
1	13880436	114	AG
1	13880617	181	CG
1	13880781	164	TC
1	13880791	10	CT
1	13880806	15	GA
1	13880828	22	AT
1	13880864	36	CT
1	13880929	65	GC
1	13882261	239	TC
1	13882330	69	GA
1	13882406	76	CT
1	13882518	112	AG
1	13882563	45	GC
1	13882661	98	AG
1	13884316	1165	CT
1	13884520	204	CG
1	13887726	1824	GA
1	13888091	365	TA
1	13890608	1966	TC
1	13890814	206	TC
1	13890824	10	CG
1	13891373	197	AG
1	13891397	24	TC
1	13893582	73	GC
1	13893888	306	CT
1	13899301	2305	AG
1	13899477	121	AG
1	13899482	5	AT
1	13899487	5	AG
1	13899563	76	TA
1	13899591	28	AG
1	13899598	7	GC
1	13899764	166	GT
1	13899773	9	AC
1	13899946	173	TC
1	13900069	123	TC
1	13900267	95	TC
1	13900441	174	CG
1	13901176	551	TC
1	13901646	470	GC
1	13902162	440	AG
1	13902610	139	AG
1	13903169	559	GA
1	13904602	624	GA
1	13905110	247	TC
1	13905198	88	TC
1	13905397	199	GA
1	13905436	39	TC
1	13905770	214	GA
1	13906348	356	AG
1	13906702	354	CG
1	13907002	300	AG
1	13907015	13	GC
1	13907356	260	TC
1	13908661	949	TG
1	13911904	1325	TA
1	13911998	94	CT
1	13912709	448	TC
1	13914920	862	AG
1	13915153	233	CT
1	13915879	490	GA
1	13918191	1032	GA
1	13921553	2386	GT
1	13923256	1222	GC
1	13926035	1568	TC
1	13926098	63	GT
1	13928151	1456	GT
1	13928183	32	AG
1	13928382	199	CG
1	13928998	616	CT
1	13929002	4	TC
1	13930226	490	CG
1	13930668	106	TC
1	13930682	14	AC
1	13930783	101	GA
1	13931239	347	TC
1	13931434	158	GA
1	13931448	14	AG
1	13931687	239	AG
1	13931767	80	CT
1	13932058	48	GA
1	13932099	41	GA
1	13935033	2290	AG
1	13941954	5867	TG
1	13951805	7228	AG
1	13954934	2776	GA
1	13954960	26	TC
1	13958174	2499	AT
1	13958185	11	GA
1	13958995	810	AG
1	13959796	95	CT
1	13959797	1	AG
1	13959840	43	AT
1	13959900	60	AT
1	13959911	11	GA
1	13960244	333	AG
1	13962535	559	TC
1	13965421	1894	TA
1	13965422	1	AT
1	13970796	3527	GA
1	13971041	245	GA
1	13972519	924	CG
1	13973402	717	AG
1	13974788	1015	GA
1	13975861	983	AG
1	13976339	478	CG
1	13976346	7	GC
1	13978647	1767	CG
1	13979880	1200	AG
1	13981116	1140	CT
1	13981198	82	TC
1	13981296	98	GA
1	13981374	78	CT
1	13981618	244	CT
1	13981952	334	TC
1	13981958	6	TC
1	13983457	1351	GA
1	13984409	952	AG
1	13984519	110	GA
1	13984524	5	GA
1	13985058	534	CT
1	13987623	1881	TC
1	13989213	635	GA
1	13989256	43	CT
1	13989517	261	TC
1	13990742	634	GT
1	13990815	73	TG
1	13990856	41	GA
1	13991009	153	TC
1	13991127	118	TC
1	13991612	336	CA
1	13991664	52	GC
1	13992622	446	AG
1	13992675	53	TC
1	13992689	14	AC
1	13992742	53	TC
1	13992766	24	AG
1	13993559	303	GT
1	13993603	44	CT
1	13993721	118	CG
1	13993722	1	TC
1	13994187	465	AG
1	13994533	346	TG
1	13995814	466	TC
1	13996153	339	AG
1	13996169	16	TG
1	13997641	735	CT
1	13997870	28	CT
1	14000902	2162	GC
1	14001503	135	CT
1	14001663	160	CT
1	14001754	91	TC
1	14002035	178	AG
1	14003637	1518	CA
1	14004989	1065	GA
1	14005907	918	TG
1	14006107	200	AG
1	14006317	210	CT
1	14006436	119	CT
1	14007081	580	AG
1	14007952	791	AC
1	14009097	759	CT
1	14009640	543	AG
1	14009952	312	GA
1	14010137	185	AC
1	14012486	2349	CA
1	14012909	423	TC
1	14013324	415	TA
1	14013353	29	CT
1	14014479	1104	GA
1	14014927	448	AC
1	14017610	2581	AC
1	14017963	326	AG
1	14018326	330	TC
1	14018453	127	GA
1	14018881	428	GC
1	14018941	60	GC
1	14019444	503	TC
1	14019637	193	CT
1	14021797	2089	GA
1	14023705	1804	CT
1	14024528	758	GC
1	14025757	1229	TC
1	14027698	1916	CT
1	14029558	1297	CT
1	14029597	39	GT
1	14029747	150	TC
1	14029877	130	TC
1	14030753	707	AG
1	14039705	6909	AG
1	14040123	275	TC
1	14040247	124	AG
1	14040535	288	CT
1	14043779	1240	AG
1	14045209	1352	GA
1	14046383	1046	AC
1	14046399	16	GA
1	14047116	493	TC
1	14048201	228	GC
1	14048765	250	TC
1	14048897	132	GA
1	14049225	328	TC
1	14049676	260	AG
1	14049702	26	CA
1	14050094	95	TC
1	14050170	76	AG
1	14050271	101	AG
1	14050663	392	CA
1	14050691	28	AC
1	14050929	238	GA
1	14051121	192	TG
1	14051372	211	TC
1	14051374	2	AG
1	14051436	62	CT
1	14051652	41	GT
1	14051698	46	AG
1	14051727	29	CT
1	14051784	57	TC
1	14051804	20	CT
1	14051903	99	GA
1	14051931	28	AG
1	14052423	452	CT
1	14052522	99	AT
1	14052977	310	TC
1	14053058	81	AG
1	14053412	179	AG
1	14053421	9	AG
1	14053455	34	AG
1	14053544	89	TG
1	14053547	3	GC
1	14054057	105	AC
1	14054110	53	CG
1	14055371	861	GA
1	14055621	189	GA
1	14055647	26	CT
1	14056207	560	CT
1	14056270	63	TC
1	14057104	834	CG
1	14057279	175	TC
1	14057436	157	GA
1	14061678	4010	AG
1	14062391	687	GA
1	14063922	1196	TA
1	14064038	116	CA
1	14064378	340	CA
1	14064416	38	TC
1	14064447	31	AG
1	14065736	611	GC
1	14065744	8	AG
1	14067910	1366	TC
1	14069282	1081	TC
1	14069724	442	GA
1	14071392	1339	AG
1	14071508	116	TC
1	14071657	60	GA
1	14071796	139	CT
1	14071877	81	GA
1	14073096	926	AG
1	14074111	546	TC
1	14074133	22	GA
1	14074246	113	GA
1	14074308	62	CT
1	14074309	1	AG
1	14074373	64	AG
1	14074578	205	TC
1	14074603	25	TC
1	14074843	240	CT
1	14074942	99	TC
1	14074950	8	CT
1	14074969	19	TG
1	14074990	21	TC
1	14075209	219	TC
1	14075284	75	CT
1	14075443	159	TG
1	14075927	179	GA
1	14076004	77	AG
1	14078167	536	TC
1	14078587	53	AG
1	14078903	316	GC
1	14078910	7	CA
1	14078923	13	CT
1	14078955	32	GA
1	14079045	90	TC
1	14080097	177	TC
1	14080995	106	AT
1	14081802	773	GT
1	14084620	1987	CT
1	14085101	433	AT
1	14086744	1294	CT
1	14087004	260	AG
1	14087018	14	TC
1	14087072	54	GA
1	14087085	13	GA
1	14087090	5	GC
1	14087794	704	TC
1	14087831	37	GA
1	14087843	12	TG
1	14087964	121	CA
1	14088142	178	GA
1	14088340	198	TC
1	14088485	54	TG
1	14089204	673	AG
1	14092334	2512	CT
1	14094155	1271	GA
1	14094653	498	AG
1	14095073	420	CA
1	14095114	41	TC
1	14095138	24	GA
1	14095164	26	TA
1	14095347	183	CT
1	14095349	2	CG
1	14095386	37	GA
1	14095900	36	TG
1	14096700	384	GA
1	14096837	108	GA
1	14096887	50	CT
1	14096907	20	CT
1	14097235	328	TG
1	14097414	179	TG
1	14098163	749	AG
1	14098205	42	AG
1	14098219	14	AG
1	14098224	5	AC
1	14098375	151	TC
1	14098387	12	AT
1	14098422	35	AG
1	14098478	56	AG
1	14098523	45	GA
1	14098935	339	GA
1	14099081	16	GC
1	14099084	3	GA
1	14099411	120	GT
1	14099436	25	CT
1	14100437	363	CT
1	14100962	415	CT
1	14101621	659	AG
1	14102269	648	TC
1	14102271	2	CA
1	14102357	86	CT
1	14102388	31	GA
1	14102440	52	CT
1	14102504	64	GA
1	14102996	83	GA
1	14103158	162	TC
1	14103540	331	CT
1	14103600	60	GA
1	14103619	19	TC
1	14103637	18	GA
1	14103728	91	AG
1	14103753	25	GA
1	14103770	17	TA
1	14103899	129	TC
1	14103924	25	TC
1	14103955	31	TC
1	14104109	154	GA
1	14104251	142	AG
1	14104275	24	TC
1	14104349	74	GA
1	14104499	150	GA
1	14104534	35	GA
1	14104546	12	GA
1	14104664	118	GA
1	14104834	170	CA
1	14104857	23	CT
1	14104914	57	GA
1	14104975	61	GA
1	14105058	83	CT
1	14105081	23	CT
1	14105198	117	AG
1	14105238	40	TC
1	14106619	317	TC
1	14107814	521	AG
1	14107844	30	TC
1	14110346	1543	AT
1	14110452	106	CG
1	14110482	30	AG
1	14110854	124	AG
1	14111255	236	AG
1	14114167	2205	TC
1	14116150	1624	AC
1	14116417	267	CA
1	14116770	353	TC
1	14116947	177	CT
1	14117164	217	GT
1	14118012	667	CT
1	14120438	1959	GA
1	14121342	878	GA
1	14121467	125	AT
1	14121698	231	CT
1	14121789	91	TC
1	14121791	2	TG
1	14121895	104	GA
1	14122182	287	AC
1	14122226	44	CT
1	14124663	1271	CA
1	14124723	60	AG
1	14124730	7	CA
1	14125487	737	TG
1	14125502	15	AC
1	14125551	49	GA
1	14125792	241	GA
1	14125804	12	TG
1	14125818	14	AG
1	14126532	275	TA
1	14129847	1851	AT
1	14134837	4469	CT
1	14147938	9536	GA
1	14182677	24686	CT
1	14183253	270	AG
1	14183348	95	AG
1	14183350	2	TC
1	14184771	1112	CG
1	14184812	41	TC
1	14185064	252	GA
1	14185454	390	GA
1	14185477	23	CT
1	14185522	45	AG
1	14185562	40	CT
1	14185579	17	CT
1	14185612	33	CT
1	14186203	198	AG
1	14186229	26	CT
1	14186326	97	GA
1	14186409	83	CT
1	14186586	111	GT
1	14186595	9	TC
1	14186619	24	CA
1	14186621	2	CT
1	14186667	46	CT
1	14187667	417	AG
1	14187857	190	TC
1	14188137	153	AG
1	14188836	372	AC
1	14189159	282	CT
1	14189276	117	AG
1	14189742	466	CT
1	14190273	531	AG
1	14190620	72	GC
1	14190684	64	GA
1	14190693	9	GA
1	14190724	31	TC
1	14191311	345	AG
1	14191313	2	TC
1	14191330	17	AG
1	14192642	474	AG
1	14193102	302	AG
1	14193230	128	AG
1	14193376	146	CT
1	14193528	152	GA
1	14193632	104	CT
1	14193885	77	GA
1	14194170	285	AG
1	14196139	1420	CG
1	14196457	318	GA
1	14196508	51	GC
1	14197111	248	TC
1	14197149	38	AG
1	14197374	225	CT
1	14197378	4	CT
1	14198079	385	AG
1	14198099	20	CA
1	14198131	32	TC
1	14198448	317	CT
1	14198677	229	TG
1	14198744	67	AG
1	14199753	849	TC
1	14200185	432	CT
1	14200450	265	AC
1	14201754	1160	CT
1	14202178	424	GA
1	14204605	2367	TC
1	14204635	30	CA
1	14204828	193	GA
1	14204855	27	GA
1	14204858	3	AG
1	14204987	129	TC
1	14204992	5	CT
1	14205052	60	TG
1	14205741	657	CT
1	14206573	832	GA
1	14207045	472	TC
1	14209185	1813	GA
1	14209241	56	CG
1	14209272	31	GT
1	14209413	141	GC
1	14209604	191	TC
1	14209616	12	TC
1	14209617	1	GA
1	14209875	258	AC
1	14210068	193	GT
1	14210101	33	GA
1	14211903	1802	TC
1	14212427	82	TC
1	14212561	134	GA
1	14212711	150	AG
1	14212728	17	CT
1	14212795	67	GA
1	14212819	24	TC
1	14212872	53	TC
1	14213254	124	AG
1	14213262	8	AC
1	14213511	249	GT
1	14213543	32	TC
1	14213668	125	TC
1	14213675	7	GT
1	14213686	11	AG
1	14213834	148	GA
1	14213893	59	AG
1	14214178	285	TC
1	14214253	75	GA
1	14214367	114	GA
1	14214722	294	CT
1	14214956	234	GA
1	14215004	48	CG
1	14215065	61	AC
1	14215113	48	CT
1	14215162	49	TC
1	14215429	267	TC
1	14215468	39	TC
1	14216232	764	GA
1	14216247	15	GA
1	14219873	2796	CT
1	14220442	569	TC
1	14220744	302	GA
1	14221956	1212	AG
1	14222791	716	TC
1	14223998	1185	CT
1	14224303	305	CG
1	14224576	273	AG
1	14225872	1253	TC
1	14226119	247	AG
1	14226269	150	GT
1	14226303	34	GA
1	14226675	334	TC
1	14227488	795	CT
1	14229947	1519	GA
1	14232905	2808	AG
1	14235267	2176	AG
1	14240553	5102	CT
1	14240642	89	TC
1	14240745	103	GA
1	14240896	151	CT
1	14241440	544	TC
1	14241751	311	AG
1	14241877	126	AT
1	14242170	293	GA
1	14242594	387	GT
1	14243062	468	TC
1	14246037	2487	GT
1	14246131	94	GA
1	14246252	121	TA
1	14246263	11	GT
1	14246368	105	CT
1	14246427	59	TG
1	14246520	93	AG
1	14246532	12	TA
1	14246593	61	GA
1	14246617	24	CT
1	14246869	252	CT
1	14246944	75	AG
1	14246966	22	CA
1	14246976	10	TC
1	14246977	1	GA
1	14246987	10	GA
1	14247257	270	GA
1	14247297	40	CT
1	14247350	53	GA
1	14247596	246	TC
1	14248718	916	CT
1	14249798	693	AG
1	14249843	45	CT
1	14250456	613	GC
1	14250538	82	TC
1	14252184	960	CA
1	14252317	133	AG
1	14252524	207	AG
1	14252901	377	TC
1	14253043	142	GA
1	14253571	528	AC
1	14253740	169	CA
1	14253762	22	GT
1	14253855	93	CT
1	14254455	292	TG
1	14255296	341	TC
1	14255516	220	AG
1	14255565	49	TG
1	14255575	10	GA
1	14255668	93	AG
1	14255889	221	TC
1	14255991	102	CT
1	14256026	35	GC
1	14256138	112	AG
1	14256147	9	AG
1	14256246	99	TC
1	14256479	233	TC
1	14256487	8	TA
1	14256554	67	TC
1	14256573	19	AG
1	14256581	8	TA
1	14256629	48	CT
1	14256665	36	GC
1	14256760	95	CT
1	14256940	180	CT
1	14256956	16	AG
1	14257375	419	CT
1	14257377	2	GA
1	14257422	45	AG
1	14257936	514	GA
1	14258230	294	CT
1	14258251	21	TG
1	14258516	265	AT
1	14258535	19	TC
1	14258681	146	TC
1	14258688	7	AG
1	14258767	79	GA
1	14259578	703	CT
1	14259608	30	GC
1	14259646	38	TC
1	14260099	278	AG
1	14260105	6	AT
1	14260243	138	CT
1	14260251	8	AG
1	14260353	102	TC
1	14260428	75	GC
1	14260497	69	TG
1	14265919	4648	TA
1	14265970	51	TG
1	14267258	505	TC
1	14267296	38	TC
1	14267301	5	AG
1	14269307	485	TG
1	14270021	714	GT
1	14271605	1584	CT
1	14271615	10	GA
1	14272068	453	AG
1	14273704	1636	GT
1	14276015	1911	AG
1	14277228	939	TC
1	14277749	521	AG
1	14278167	418	GA
1	14278330	163	GC
1	14278520	190	CT
1	14278612	92	CG
1	14279456	844	GA
1	14280164	657	GA
1	14280197	33	CG
1	14280273	76	CT
1	14280294	21	CT
1	14280544	168	GA
1	14281898	1354	TC
1	14281942	44	TC
1	14282024	82	TC
1	14283724	394	GC
1	14283734	10	CT
1	14283773	39	CT
1	14283781	8	TC
1	14283846	65	CT
1	14285328	1118	CT
1	14285700	170	AG
1	14287463	1492	CT
1	14288742	738	AG
1	14288939	197	GA
1	14289777	546	AG
1	14289940	163	GA
1	14290020	80	AG
1	14290135	115	TG
1	14290256	121	GC
1	14290730	474	CT
1	14291021	291	TC
1	14291312	73	GC
1	14293360	1908	GA
1	14294498	611	GA
1	14294787	289	TC
1	14294847	60	GT
1	14294851	4	TA
1	14294868	17	AG
1	14295086	218	TA
1	14295147	61	CT
1	14296121	874	CT
1	14296213	92	TC
1	14296805	592	GA
1	14296912	107	CT
1	14296913	1	AG
1	14296936	23	TC
1	14296938	2	CT
1	14296954	16	CT
1	14296996	42	CT
1	14297031	35	GC
1	14297063	32	CT
1	14297225	162	AG
1	14297621	396	GA
1	14298019	398	CA
1	14298044	25	CT
1	14298094	50	CG
1	14298322	228	TA
1	14298347	25	AG
1	14298633	286	CT
1	14299093	460	AT
1	14299267	174	GA
1	14299431	164	CG
1	14299708	277	GA
1	14299722	14	GA
1	14299917	195	AG
1	14300034	117	TC
1	14300384	350	TC
1	14300539	155	GA
1	14300596	57	AG
1	14300620	24	AG
1	14300622	2	GA
1	14305837	2118	GA
1	14305923	86	CT
1	14308771	1690	GT
1	14308774	3	AG
1	14308775	1	GA
1	14308951	99	AG
1	14308954	3	CT
1	14309002	48	GA
1	14309820	795	GT
1	14309881	61	TC
1	14310044	163	TC
1	14310744	667	AT
1	14310765	21	AG
1	14321277	7829	AG
1	14322379	899	TC
1	14324022	1237	CT
1	14324102	80	AG
1	14324261	159	TC
1	14324976	342	GA
1	14325011	35	GA
1	14325084	73	AG
1	14325272	188	AG
1	14325383	111	TC
1	14326710	1031	AC
1	14326919	180	AG
1	14327082	163	AC
1	14327329	247	GA
1	14327354	25	AG
1	14327371	17	GT
1	14327391	20	GA
1	14327403	12	AG
1	14327479	76	AG
1	14327529	50	TG
1	14328677	777	TC
1	14328687	10	GA
1	14328752	65	GA
1	14328982	230	CT
1	14330554	1176	CG
1	14332236	1422	GA
1	14333275	766	AC
1	14333626	334	TC
1	14334567	520	GA
1	14335345	556	CT
1	14336493	847	CT
1	14337818	921	TC
1	14339817	1288	TC
1	14340825	545	TC
1	14340843	18	CA
1	14340970	127	TC
1	14343463	1999	GT
1	14344498	594	TG
1	14345591	481	TC
1	14345944	353	TC
1	14346550	114	CT
1	14346669	119	CG
1	14346809	140	CT
1	14347164	355	GA
1	14348280	685	AG
1	14348445	165	TA
1	14348543	98	TC
1	14348550	7	AG
1	14348589	39	AG
1	14348784	195	GA
1	14348931	147	CT
1	14348936	5	AC
1	14349020	84	AG
1	14349823	661	GT
1	14350012	189	CG
1	14350230	218	TC
1	14350533	211	TC
1	14350620	87	TA
1	14350622	2	AG
1	14350706	84	AG
1	14352761	1264	GA
1	14352806	45	AG
1	14352869	63	AG
1	14352872	3	TC
1	14352955	83	TC
1	14352985	9	AG
1	14353024	39	TG
1	14353096	72	TC
1	14353208	112	TC
1	14353230	22	TC
1	14353314	84	CG
1	14353347	33	GC
1	14353544	55	TC
1	14353753	209	CA
1	14353757	4	AG
1	14353919	162	GA
1	14353960	41	CT
1	14354121	161	AG
1	14354300	143	AG
1	14354351	51	GA
1	14354987	352	CT
1	14355094	107	CA
1	14355357	263	AG
1	14355542	140	TC
1	14355716	174	GA
1	14355839	123	AG
1	14356038	199	AG
1	14356434	370	GA
1	14356810	376	TC
1	14357262	452	AT
1	14357305	43	AG
1	14357596	127	GA
1	14357754	158	CT
1	14357774	20	TC
1	14357808	34	GA
1	14358049	241	CT
1	14358351	302	CA
1	14358376	25	TC
1	14358424	48	CA
1	14358455	31	GC
1	14358555	100	GA
1	14358941	386	CT
1	14360156	1145	AG
1	14361532	1022	CT
1	14362594	739	CT
1	14364461	1867	GA
1	14365042	581	CT
1	14365196	154	AG
1	14366080	439	CT
1	14366345	240	GA
1	14366483	138	GA
1	14366641	158	GA
1	14367087	417	AG
1	14367138	51	GA
1	14367356	218	GA
1	14367451	95	CT
1	14367464	13	AG
1	14367593	129	CT
1	14367596	3	CT
1	14368088	442	GA
1	14368211	123	CG
1	14368497	286	CT
1	14368702	156	CG
1	14368874	172	AG
1	14369707	833	CT
1	14370982	1275	TC
1	14370997	15	GA
1	14371074	77	TC
1	14371107	33	AG
1	14371421	314	GA
1	14371846	425	CA
1	14371920	74	AG
1	14372002	82	TC
1	14372256	254	CT
1	14372375	119	AG
1	14372390	15	AC
1	14372391	1	GT
1	14372398	7	TC
1	14372447	49	CT
1	14372553	106	CT
1	14372585	32	GT
1	14372655	70	CT
1	14372797	142	AG
1	14372818	21	TC
1	14373568	709	AG
1	14373608	40	GA
1	14374046	438	AG
1	14374334	288	AG
1	14374408	74	AT
1	14374569	161	CT
1	14374576	7	TC
1	14374640	64	AG
1	14374831	191	AG
1	14374872	41	GA
1	14374900	28	GA
1	14375939	658	AG
1	14376186	247	TA
1	14376249	63	AG
1	14376363	114	TC
1	14376374	11	TC
1	14376440	66	TC
1	14376483	43	CT
1	14376608	125	CG
1	14376615	7	GA
1	14376639	24	GA
1	14376684	45	GA
1	14376687	3	TC
1	14376748	61	TC
1	14376792	44	GA
1	14377109	206	TC
1	14377198	89	TC
1	14377202	4	TC
1	14377335	133	AG
1	14377481	146	AT
1	14377625	144	AG
1	14377697	72	AG
1	14377808	111	GA
1	14377814	6	GA
1	14378184	370	AG
1	14379016	548	AG
1	14383310	828	TC
1	14383761	451	TC
1	14383843	82	CT
1	14383962	119	GA
1	14383980	18	GA
1	14384416	436	CT
1	14385756	1340	TC
1	14386639	861	GA
1	14387306	598	TG
1	14387999	693	AC
1	14388044	45	TC
1	14388046	2	TG
1	14388106	60	AG
1	14388262	108	TC
1	14388291	29	CT
1	14388498	87	TC
1	14388501	3	CG
1	14388519	18	GA
1	14388534	15	AG
1	14388733	199	AC
1	14388740	7	CT
1	14388768	28	TC
1	14388815	47	CG
1	14388873	58	GA
1	14388903	30	CT
1	14388974	71	AG
1	14389223	220	CT
1	14389308	85	CT
1	14389327	19	CA
1	14389332	5	CT
1	14389758	426	TC
1	14389795	37	TC
1	14389842	47	GA
1	14389990	148	CT
1	14389994	4	GC
1	14390098	104	AG
1	14390431	12	AG
1	14390457	26	CT
1	14391122	407	AG
1	14392578	336	GC
1	14393104	526	CT
1	14393105	1	CT
1	14393176	71	CT
1	14394041	624	GC
1	14394058	17	GT
1	14396582	1477	GC
1	14397523	870	TC
1	14399691	1648	CT
1	14400716	1025	AT
1	14402342	1626	CT
1	14402578	236	CT
1	14402642	64	TG
1	14402647	5	GA
1	14402701	54	CT
1	14402702	1	AG
1	14402878	176	AG
1	14402883	5	GA
1	14402990	107	GA
1	14403430	440	CT
1	14404297	711	GT
1	14404656	359	TC
1	14404826	170	TC
1	14404915	89	TC
1	14405152	237	GA
1	14405188	36	AG
1	14405258	70	TG
1	14405449	191	GC
1	14405503	54	GA
1	14405578	75	CG
1	14406655	782	TC
1	14409184	2088	TC
1	14410877	1660	CT
1	14411263	386	AG
1	14411445	182	CT
1	14412529	857	TC
1	14416039	2553	GA
1	14417005	966	CA
1	14417304	299	CG
1	14417789	485	AG
1	14418404	344	AC
1	14418838	434	GA
1	14418847	9	AG
1	14418984	137	TC
1	14419222	238	AG
1	14419277	55	GA
1	14419377	100	TC
1	14419398	21	GA
1	14419405	7	GA
1	14419560	155	AG
1	14419605	45	GA
1	14419690	85	TC
1	14419730	40	CT
1	14420223	493	GT
1	14420326	103	CT
1	14420405	79	CT
1	14420724	319	GA
1	14421316	528	TC
1	14421659	343	TC
1	14422266	607	CA
1	14422657	363	GA
1	14422949	292	TC
1	14424460	1511	AG
1	14424628	64	AG
1	14425034	406	AG
1	14426154	1045	AG
1	14426252	98	TC
1	14429996	3626	AG
1	14430099	103	GT
1	14430873	774	CT
1	14430933	60	TC
1	14431008	75	AG
1	14431011	3	CT
1	14433041	1841	AG
1	14434315	1274	GA
1	14434467	152	TA
1	14434891	424	GC
1	14435244	353	GC
1	14436138	850	CT
1	14436212	74	CT
1	14436319	107	TC
1	14436496	177	CT
1	14436536	40	GA
1	14436589	53	GA
1	14436618	29	AG
1	14442282	726	TC
1	14442792	510	GC
1	14443449	448	CA
1	14443689	240	AT
1	14443849	160	CT
1	14444070	221	CA
1	14445157	1087	GC
1	14445246	89	TC
1	14445260	14	CT
1	14445669	131	CG
1	14446163	494	GA
1	14446286	123	AG
1	14446343	57	CG
1	14446352	9	AG
1	14446815	463	TA
1	14446939	124	CT
1	14447159	172	GA
1	14447324	165	GC
1	14448236	764	AG
1	14448526	154	AG
1	14448718	192	AG
1	14448933	215	CG
1	14449095	162	TC
1	14451041	169	TC
1	14451616	332	GA
1	14451776	160	TC
1	14452937	1032	TC
1	14453668	731	CG
1	14454772	835	AG
1	14454876	104	AG
1	14454969	93	AG
1	14454976	7	AG
1	14454991	15	CG
1	14455057	66	GC
1	14455880	718	AG
1	14456054	174	TC
1	14456583	529	AG
1	14456711	128	GA
1	14456777	66	GA
1	14457316	489	GA
1	14457333	17	GA
1	14458215	882	GA
1	14458678	463	AG
1	14459566	888	GA
1	14459572	6	CT
1	14459591	19	GA
1	14461052	1461	CT
1	14462160	1035	AG
1	14462595	435	AG
1	14462665	70	GC
1	14462712	47	AG
1	14462757	45	GA
1	14462776	19	CG
1	14462859	83	CT
1	14463186	236	CT
1	14463253	67	AG
1	14463265	12	GA
1	14463284	19	TC
1	14463306	22	TG
1	14463324	18	GA
1	14463467	143	TG
1	14463469	2	CT
1	14463540	71	CT
1	14463610	70	CG
1	14463632	22	GA
1	14463697	65	TC
1	14463837	140	TG
1	14463983	146	GA
1	14463998	15	GC
1	14464157	159	TC
1	14464180	23	AT
1	14464364	129	TC
1	14464544	180	TC
1	14465484	774	GA
1	14465642	158	TC
1	14465999	186	CA
1	14466038	39	GT
1	14466058	20	AT
1	14466121	63	CT
1	14466142	21	GT
1	14466203	61	CT
1	14466453	250	GA
1	14466473	20	GA
1	14466501	28	CG
1	14466675	174	GA
1	14466711	36	CT
1	14466745	34	TC
1	14466746	1	AT
1	14467235	489	CA
1	14467246	11	TC
1	14467561	315	TC
1	14467712	151	AG
1	14467803	91	TC
1	14467819	16	GA
1	14467831	12	AG
1	14467858	27	GT
1	14468007	149	AG
1	14468047	40	CG
1	14468048	1	CT
1	14468478	430	CT
1	14468508	30	AG
1	14468630	122	TC
1	14468699	69	CT
1	14468723	24	AC
1	14468730	7	GA
1	14469024	30	AG
1	14469209	185	GC
1	14469741	305	AG
1	14470056	112	TC
1	14470290	234	GT
1	14470486	196	GA
1	14470722	236	CT
1	14470755	33	GA
1	14470901	146	CT
1	14470911	10	CT
1	14470968	57	GA
1	14470981	13	GA
1	14471063	82	GA
1	14471087	24	AG
1	14471093	6	GA
1	14471249	156	GT
1	14471287	38	GA
1	14471508	221	GA
1	14471509	1	CT
1	14471574	65	GA
1	14471757	183	TC
1	14471801	44	AG
1	14471852	51	AG
1	14472021	169	GC
1	14472038	17	AG
1	14472150	112	AG
1	14472367	217	CT
1	14472477	110	CT
1	14472488	11	GA
1	14472505	17	AG
1	14472552	47	CT
1	14472572	20	AG
1	14472602	30	TC
1	14472724	122	GA
1	14473212	488	GA
1	14473342	130	GA
1	14473388	46	AG
1	14473470	82	CA
1	14473481	11	CT
1	14474136	655	CT
1	14474493	357	TG
1	14475503	941	GA
1	14475617	114	CT
1	14475932	315	AG
1	14475948	16	GA
1	14476087	139	TC
1	14476264	177	AG
1	14476309	45	TC
1	14477249	697	CT
1	14477327	78	TC
1	14477334	7	AG
1	14477569	235	CT
1	14477730	161	TC
1	14477821	91	AG
1	14478524	592	GA
1	14478897	342	CT
1	14479209	312	AG
1	14479227	18	TC
1	14479638	411	CG
1	14479667	29	GA
1	14479694	27	AG
1	14479721	27	GA
1	14479841	120	CT
1	14479952	111	GA
1	14480148	196	TA
1	14480778	286	TC
1	14480898	120	AG
1	14481034	136	GA
1	14481133	99	CT
1	14481359	187	TC
1	14481583	224	GA
1	14482226	309	GT
1	14482417	191	CT
1	14482430	13	AG
1	14482689	259	GT
1	14482742	53	AG
1	14483700	791	CT
1	14483786	86	CT
1	14485402	1345	GA
1	14485441	39	AT
1	14486489	1019	CT
1	14487029	139	GA
1	14487111	82	AT
1	14487251	140	GA
1	14487278	27	GA
1	14487321	43	CT
1	14487334	13	AT
1	14487340	6	GA
1	14487652	121	CT
1	14487697	45	GA
1	14487851	154	GA
1	14488032	181	TC
1	14488954	721	AG
1	14489001	47	TC
1	14489380	208	AG
1	14489787	287	GA
1	14490194	291	AG
1	14490677	382	TC
1	14490789	76	TC
1	14490813	24	AG
1	14490823	10	CT
1	14490939	116	AG
1	14491312	350	GC
1	14491361	49	AG
1	14491540	179	TC
1	14491545	5	GC
1	14491608	63	TC
1	14491636	28	GA
1	14492016	343	GA
1	14492144	128	TC
1	14492296	64	CT
1	14492475	179	GC
1	14492592	117	GA
1	14492678	58	AG
1	14492683	5	TC
1	14492690	7	TC
1	14492728	38	GT
1	14492755	27	AG
1	14493004	249	AG
1	14493030	26	TC
1	14493043	13	CT
1	14493055	12	CT
1	14493065	10	GA
1	14493411	346	CG
1	14494336	772	AG
1	14494460	124	AG
1	14494502	42	GT
1	14497324	2124	GA
1	14497362	38	AG
1	14497659	240	CG
1	14498037	292	GA
1	14498266	165	TC
1	14498350	84	CA
1	14498788	438	TC
1	14499162	292	CT
1	14499163	1	AG
1	14499373	210	TG
1	14499430	57	CT
1	14499473	43	CT
1	14499861	86	CT
1	14499929	68	AG
1	14500036	107	TC
1	14500153	77	GA
1	14500403	150	TC
1	14500505	102	GA
1	14501176	548	GA
1	14502227	729	AC
1	14502348	121	GA
1	14502406	58	AG
1	14502618	212	GA
1	14502672	54	AG
1	14503137	313	GT
1	14503166	29	TC
1	14503733	458	TC
1	14503874	141	CT
1	14504037	163	TC
1	14505292	401	AC
1	14505750	458	AT
1	14506225	264	CT
1	14506752	157	AG
1	14507653	901	CG
1	14507828	175	AG
1	14507899	71	CT
1	14509011	450	TC
1	14509224	213	GC
1	14509237	13	CT
1	14509453	120	GA
1	14509605	152	CT
1	14509659	54	TC
1	14509676	17	AG
1	14509766	90	TC
1	14510040	249	AG
1	14510044	4	TC
1	14510149	105	TC
1	14510150	1	GA
1	14510243	93	AG
1	14510746	395	CT
1	14512321	1349	TC
1	14512382	61	TC
1	14514605	553	TC
1	14514694	89	TC
1	14515276	434	CG
1	14515776	500	GA
1	14516085	309	CA
1	14517423	1119	AC
1	14518706	1156	GA
1	14519091	385	TA
1	14521053	1187	GA
1	14522436	960	CG
1	14524484	1571	GA
1	14526013	736	CT
1	14527155	418	TC
1	14527438	235	GA
1	14527554	116	CT
1	14528306	752	TC
1	14528481	175	AT
1	14530623	1890	GA
1	14530640	17	AC
1	14530942	256	AT
1	14531367	210	GT
1	14533089	139	TC
1	14533458	369	TC
1	14533459	1	GA
1	14533814	238	TG
1	14535099	1261	CT
1	14535129	30	CT
1	14535467	338	CG
1	14535575	108	GA
1	14535596	21	TC
1	14535986	169	TC
1	14536109	123	TC
1	14536311	202	AG
1	14536392	81	AC
1	14536541	149	AG
1	14536674	133	AG
1	14536683	9	GA
1	14537052	238	AG
1	14537170	118	GC
1	14537296	126	AC
1	14537506	210	AG
1	14538020	514	AG
1	14538087	67	GA
1	14538174	87	CT
1	14538219	45	AG
1	14538996	730	CT
1	14539517	363	TC
1	14539701	184	TA
1	14540269	383	TC
1	14540603	306	CG
1	14541177	574	AG
1	14541184	7	TC
1	14541535	351	AG
1	14541797	221	AG
1	14541990	193	GT
1	14542041	51	TC
1	14542218	177	GA
1	14542328	110	CT
1	14542357	29	GA
1	14542362	5	AG
1	14543832	954	AT
1	14544044	212	AG
1	14545360	532	AG
1	14545502	142	GC
1	14545510	8	AG
1	14545723	213	AC
1	14545739	16	GA
1	14545980	241	TC
1	14546918	250	GA
1	14546921	3	TG
1	14546996	75	CT
1	14549388	1368	AC
1	14549673	285	GA
1	14549749	76	CT
1	14550438	240	CT
1	14550445	7	CT
1	14550543	98	TC
1	14551472	227	GC
1	14551559	87	GA
1	14558855	4907	TC
1	14559264	409	AG
1	14559300	36	TG
1	14559505	205	AG
1	14567538	6123	CG
1	14588125	13476	TC
1	14588702	146	AG
1	14588776	74	TC
1	14589152	300	GT
1	14589155	3	AG
1	14589163	8	CT
1	14589164	1	AG
1	14589199	35	CT
1	14589210	11	CT
1	14589249	39	AT
1	14590563	1245	GA
1	14593725	734	GT
1	14594720	644	CT
1	14594739	19	GC
1	14594867	128	GT
1	14595409	100	TC
1	14595447	38	TC
1	14595450	3	AG
1	14595477	27	CT
1	14595505	28	CT
1	14595615	110	GA
1	14595927	247	CT
1	14595958	31	AG
1	14597478	995	AC
1	14597547	69	CG
1	14597779	232	AG
1	14598332	117	AG
1	14598358	26	CT
1	14598555	197	CT
1	14598814	259	CT
1	14599243	364	TC
1	14599969	575	GA
1	14600828	597	AG
1	14601338	510	CA
1	14601399	61	TC
1	14602401	724	GA
1	14603164	738	CG
1	14603872	708	CT
1	14603942	70	CA
1	14606937	1906	AT
1	14611065	2242	AC
1	14611157	92	TC
1	14614082	1932	TC
1	14617034	2498	TC
1	14623083	3132	CT
1	14628768	3840	CT
1	14637173	6383	CT
1	14639033	1389	TC
1	14639904	499	CG
1	14640558	654	AG
1	14641049	491	AG
1	14642381	614	CA
1	14646183	3003	TC
1	14648425	1475	TC
1	14648641	216	CG
1	14649367	168	CT
1	14653265	1868	AC
1	14655899	2219	TC
1	14656027	128	CT
1	14658967	1526	AG
1	14660303	432	GT
1	14660558	255	CG
1	14660864	160	AG
1	14661118	254	TG
1	14661383	265	GA
1	14662152	623	AG
1	14662188	36	CT
1	14663010	822	GA
1	14663066	56	CG
1	14663237	27	AG
1	14663467	230	CT
1	14663659	192	AG
1	14664343	684	GA
1	14664679	310	TC
1	14664765	86	GA
1	14665673	908	TC
1	14666599	490	CT
1	14667689	830	AG
1	14668297	344	GA
1	14668328	31	GC
1	14668503	175	AG
1	14668529	26	GA
1	14668840	311	AC
1	14668856	16	CT
1	14670273	1252	CT
1	14671588	1315	GA
1	14675810	3098	CT
1	14704358	20608	AG
1	14707916	3398	CT
1	14748738	31459	TC
1	14748886	87	TC
1	14749395	439	GC
1	14750958	688	GC
1	14751263	305	GA
1	14751273	10	CT
1	14751409	136	CT
1	14752148	609	AG
1	14801771	37213	GT
1	14807473	3631	TC
1	14814254	5701	CG
1	14814704	203	CG
1	14815013	309	GA
1	14815251	238	AG
1	14815290	39	GA
1	14826093	8558	AG
1	14880215	46451	TC
1	14881757	1139	GA
1	14883890	1704	GA
1	14884581	413	CT
1	14885924	699	AG
1	14886044	120	TC
1	14886055	11	AG
1	14886483	428	AG
1	14886734	251	CT
1	14889249	1398	GA
1	14889268	19	TC
1	14890173	672	AG
1	14896198	3699	AG
1	14896264	66	AG
1	14897042	272	CA
1	14899128	1698	GA
1	14902945	3214	GA
1	14903206	205	GC
1	14906401	2019	TG
1	14934474	24264	GC
1	14936087	1613	GA
1	14937998	1817	GA
1	14938385	265	CA
1	14938561	176	AG
1	14944087	2960	TC
1	14944291	204	GA
1	14944434	143	CG
1	14944568	134	TA
1	14945455	611	AC
1	14945751	296	CG
1	14946151	400	AG
1	14947692	1119	GT
1	14947712	20	CG
1	14949261	1549	TG
1	14950674	1307	AG
1	14950726	52	TC
1	14950785	59	AG
1	14951177	161	CA
1	14951289	112	CT
1	14952202	834	GA
1	14953122	797	TC
1	14953287	165	AG
1	14954146	471	CT
1	14954470	90	AG
1	14956987	900	GT
1	14962300	612	CT
1	14963856	659	GT
1	14963859	3	TC
1	14964356	453	TC
1	14964403	47	TC
1	14964570	167	CA
1	14964881	311	CT
1	14965843	962	CT
1	14965860	17	AG
1	14965987	127	CT
1	14966138	151	AG
1	14966539	58	AG
1	14966786	247	TC
1	14966909	123	AG
1	14967363	408	CT
1	14967835	472	CT
1	14971304	2644	AG
1	14971310	6	TC
1	14974229	2383	GA
1	14976561	1840	AT
1	14980856	3921	CT
1	14981467	611	CT
1	14983425	1629	AC
1	14983948	523	GT
1	14984027	79	CT
1	14984917	591	CT
1	14985305	337	TC
1	14985996	635	GT
1	14986009	13	GT
1	14987181	983	GC
1	14987290	109	CT
1	14988940	930	CT
1	14989078	138	AG
1	14989386	308	AG
1	14989429	43	CG
1	14989462	33	TG
1	14991044	1299	CA
1	14991480	379	CT
1	14991693	70	CG
1	14991943	250	TG
1	14992398	455	AG
1	14992537	139	AC
1	14992553	16	AG
1	14992988	415	GC
1	14993355	367	CT
1	14993586	193	TC
1	14993961	318	GA
1	14994183	222	CG
1	14994376	193	GC
1	14994497	121	AG
1	14994515	18	AT
1	14994838	323	TC
1	14994952	114	GA
1	14995050	98	GA
1	14996914	884	TA
1	14997827	748	TC
1	14997831	4	AG
1	14998743	839	GA
1	14998843	100	GA
1	14998989	146	TA
1	19663030	2857868	GT
1	19680344	12241	TC
1	19809111	101795	CT
1	19863369	42736	AG
1	19914659	38540	CT
1	19956089	23476	CT
1	19964468	8061	CT
1	19982040	10862	GC
1	19982180	140	CA
1	19985335	2805	AC
1	24663030	2857868	GT
1	24680344	12241	TC
1	24809111	101795	CT
1	24863369	42736	AG
1	24914659	38540	CT
1	24956089	23476	CT
1	24964468	8061	CT
1	24982040	10862	GC
1	24982180	140	CA
1	24985335	2805	AC
1	27669579	2669579	CT
1	29429340	1431575	AG
