time_index	left_time_boundary	right_time_boundary	lambda
0	0	8.84544e-06	4369.02
1	8.84544e-06	2.03641e-05	4369.02
2	2.03641e-05	3.53639e-05	7167.43
3	3.53639e-05	5.48969e-05	3227.7
4	5.48969e-05	8.0333e-05	1032.19
5	8.0333e-05	0.000113456	926.235
6	0.000113456	0.00015659	1680.93
7	0.00015659	0.00021276	2172.27
8	0.00021276	0.000285904	1765.07
9	0.000285904	0.000381155	1227.27
10	0.000381155	0.000505191	923.21
11	0.000505191	0.000666714	837.596
12	0.000666714	0.00087705	860.303
13	0.00087705	0.00115095	872.967
14	0.00115095	0.00150764	915.988
15	0.00150764	0.00197211	826.218
16	0.00197211	0.00257696	682.55
17	0.00257696	0.00336461	377.122
18	0.00336461	inf	377.122
