5.91246e-05	-72859.25	0,8.84544e-06,2.03641e-05,3.53639e-05,5.48969e-05,8.0333e-05,0.000113456,0.00015659,0.00021276,0.000285904,0.000381155,0.000505191,0.000666714,0.00087705,0.00115095,0.00150764,0.00197211,0.00257696,0.00336461,inf	3154.52,3154.52,3684.78,3103.88,2558.5,2276.38,2202.58,2168.98,2105.97,2015.28,1916.2,1831.49,1777.43,1742.84,1727.46,1610.88,1639.7,2721.14,2721.14
5.8922e-05	-72334.88	0,8.84544e-06,2.03641e-05,3.53639e-05,5.48969e-05,8.0333e-05,0.000113456,0.00015659,0.00021276,0.000285904,0.000381155,0.000505191,0.000666714,0.00087705,0.00115095,0.00150764,0.00197211,0.00257696,0.00336461,inf	2845.81,2845.81,4322.88,3231.34,2257.98,1808.93,1743.64,1734.46,1651.63,1519.04,1387.94,1293.51,1250.05,1229.44,1232.95,1159.76,1167.66,2195.15,2195.15
6.22275e-05	-72184.46	0,8.84544e-06,2.03641e-05,3.53639e-05,5.48969e-05,8.0333e-05,0.000113456,0.00015659,0.00021276,0.000285904,0.000381155,0.000505191,0.000666714,0.00087705,0.00115095,0.00150764,0.00197211,0.00257696,0.00336461,inf	2686.34,2686.34,5033.41,3475.85,2154.15,1612.43,1592.64,1626.58,1528.63,1353.88,1191.1,1084.99,1043.92,1025.01,1030.48,967.713,954.961,1861.16,1861.16
6.65734e-05	-72119.38	0,8.84544e-06,2.03641e-05,3.53639e-05,5.48969e-05,8.0333e-05,0.000113456,0.00015659,0.00021276,0.000285904,0.000381155,0.000505191,0.000666714,0.00087705,0.00115095,0.00150764,0.00197211,0.00257696,0.00336461,inf	2627.39,2627.39,5606.7,3662.23,2078.39,1497.91,1542.2,1629.39,1519.34,1303.39,1110.23,992.607,950.921,928.796,929.938,864.81,833.347,1614.75,1614.75
7.12539e-05	-72078.38	0,8.84544e-06,2.03641e-05,3.53639e-05,5.48969e-05,8.0333e-05,0.000113456,0.00015659,0.00021276,0.000285904,0.000381155,0.000505191,0.000666714,0.00087705,0.00115095,0.00150764,0.00197211,0.00257696,0.00336461,inf	2635.64,2635.64,6011.41,3762.58,1992.18,1408.68,1522.89,1666.34,1546.41,1293.03,1073.79,947.596,905.64,879.496,874.967,802.975,755.147,1413.31,1413.31
7.60342e-05	-72046.45	0,8.84544e-06,2.03641e-05,3.53639e-05,5.48969e-05,8.0333e-05,0.000113456,0.00015659,0.00021276,0.000285904,0.000381155,0.000505191,0.000666714,0.00087705,0.00115095,0.00150764,0.00197211,0.00257696,0.00336461,inf	2686.24,2686.24,6289.22,3800.96,1897.57,1331.36,1513.72,1711.21,1581.95,1295.53,1055.26,924.001,883.096,853.641,843.912,763.746,701.679,1237.83,1237.83
8.08422e-05	-72018.91	0,8.84544e-06,2.03641e-05,3.53639e-05,5.48969e-05,8.0333e-05,0.000113456,0.00015659,0.00021276,0.000285904,0.000381155,0.000505191,0.000666714,0.00087705,0.00115095,0.00150764,0.00197211,0.00257696,0.00336461,inf	2762.13,2762.13,6485.23,3803.32,1801.87,1263.4,1508.99,1755.61,1616.17,1300.65,1044.02,910.774,872.327,840.783,827.03,738.699,664.081,1079.4,1079.4
8.5677e-05	-71993.99	0,8.84544e-06,2.03641e-05,3.53639e-05,5.48969e-05,8.0333e-05,0.000113456,0.00015659,0.00021276,0.000285904,0.000381155,0.000505191,0.000666714,0.00087705,0.00115095,0.00150764,0.00197211,0.00257696,0.00336461,inf	2853.25,2853.25,6630.57,3786.42,1709.85,1204.15,1507.43,1797.4,1646.11,1304.72,1035.6,902.798,868.043,835.78,819.49,723.592,637.629,934.758,934.758
9.05726e-05	-71971.07	0,8.84544e-06,2.03641e-05,3.53639e-05,5.48969e-05,8.0333e-05,0.000113456,0.00015659,0.00021276,0.000285904,0.000381155,0.000505191,0.000666714,0.00087705,0.00115095,0.00150764,0.00197211,0.00257696,0.00336461,inf	2952.95,2952.95,6743.95,3759.31,1623.71,1153.04,1508.9,1836.52,1671.37,1306.63,1028.08,897.543,867.489,835.902,818.737,716.173,619.642,804.648,804.648
9.55704e-05	-71950.27	0,8.84544e-06,2.03641e-05,3.53639e-05,5.48969e-05,8.0333e-05,0.000113456,0.00015659,0.00021276,0.000285904,0.000381155,0.000505191,0.000666714,0.00087705,0.00115095,0.00150764,0.00197211,0.00257696,0.00336461,inf	3059.6,3059.6,6836.32,3726.44,1544.14,1109.36,1513.44,1873.44,1692.34,1306.22,1020.62,893.641,869.08,839.532,823.285,715.195,608.627,692.481,692.481
0.000100687	-71932.18	0,8.84544e-06,2.03641e-05,3.53639e-05,5.48969e-05,8.0333e-05,0.000113456,0.00015659,0.00021276,0.000285904,0.000381155,0.000505191,0.000666714,0.00087705,0.00115095,0.00150764,0.00197211,0.00257696,0.00336461,inf	3173.23,3173.23,6913.31,3689.47,1471,1072.3,1520.95,1908.55,1709.51,1303.59,1012.76,890.218,871.716,845.477,832.011,719.816,603.812,601.8,601.8
0.000105897	-71917.31	0,8.84544e-06,2.03641e-05,3.53639e-05,5.48969e-05,8.0333e-05,0.000113456,0.00015659,0.00021276,0.000285904,0.000381155,0.000505191,0.000666714,0.00087705,0.00115095,0.00150764,0.00197211,0.00257696,0.00336461,inf	3292.08,3292.08,6977.33,3648.75,1403.83,1041.04,1531.2,1942.04,1723.25,1298.86,1004.23,886.618,874.465,852.59,843.686,729.099,604.626,533.462,533.462
0.000111144	-71905.51	0,8.84544e-06,2.03641e-05,3.53639e-05,5.48969e-05,8.0333e-05,0.000113456,0.00015659,0.00021276,0.000285904,0.000381155,0.000505191,0.000666714,0.00087705,0.00115095,0.00150764,0.00197211,0.00257696,0.00336461,inf	3416.83,3416.83,7030,3604.46,1342.19,1014.84,1543.9,1974.06,1733.96,1292.25,994.877,882.371,876.528,859.715,856.831,741.706,610.16,484.832,484.832
0.000116368	-71895.90	0,8.84544e-06,2.03641e-05,3.53639e-05,5.48969e-05,8.0333e-05,0.000113456,0.00015659,0.00021276,0.000285904,0.000381155,0.000505191,0.000666714,0.00087705,0.00115095,0.00150764,0.00197211,0.00257696,0.00336461,inf	3545.86,3545.86,7072.31,3556.87,1285.68,993.056,1558.81,2004.8,1742.14,1284.14,984.784,877.259,877.376,865.89,869.969,756.045,619.058,451.302,451.302
0.000121528	-71887.54	0,8.84544e-06,2.03641e-05,3.53639e-05,5.48969e-05,8.0333e-05,0.000113456,0.00015659,0.00021276,0.000285904,0.000381155,0.000505191,0.000666714,0.00087705,0.00115095,0.00150764,0.00197211,0.00257696,0.00336461,inf	3679.1,3679.1,7105.5,3506.51,1233.91,975.12,1575.71,2034.5,1748.37,1275.01,974.188,871.329,876.829,870.555,881.982,770.663,629.854,428.237,428.237
0.000126601	-71879.83	0,8.84544e-06,2.03641e-05,3.53639e-05,5.48969e-05,8.0333e-05,0.000113456,0.00015659,0.00021276,0.000285904,0.000381155,0.000505191,0.000666714,0.00087705,0.00115095,0.00150764,0.00197211,0.00257696,0.00336461,inf	3815.13,3815.13,7130.51,3453.8,1186.48,960.501,1594.36,2063.4,1753.2,1265.33,963.406,864.8,874.997,873.557,892.263,784.545,641.34,411.991,411.991
0.000131577	-71872.54	0,8.84544e-06,2.03641e-05,3.53639e-05,5.48969e-05,8.0333e-05,0.000113456,0.00015659,0.00021276,0.000285904,0.000381155,0.000505191,0.000666714,0.00087705,0.00115095,0.00150764,0.00197211,0.00257696,0.00336461,inf	3952.9,3952.9,7148.33,3399.2,1142.97,948.712,1614.48,2091.62,1757.05,1255.49,952.73,857.941,872.146,875.028,900.645,797.143,652.699,400.062,400.062
0.000136457	-71865.63	0,8.84544e-06,2.03641e-05,3.53639e-05,5.48969e-05,8.0333e-05,0.000113456,0.00015659,0.00021276,0.000285904,0.000381155,0.000505191,0.000666714,0.00087705,0.00115095,0.00150764,0.00197211,0.00257696,0.00336461,inf	4091.26,4091.26,7159.82,3343.08,1103,939.312,1635.79,2119.19,1760.2,1245.77,942.388,851.004,868.577,875.233,907.235,808.259,663.471,390.858,390.858
0.000141245	-71859.10	0,8.84544e-06,2.03641e-05,3.53639e-05,5.48969e-05,8.0333e-05,0.000113456,0.00015659,0.00021276,0.000285904,0.000381155,0.000505191,0.000666714,0.00087705,0.00115095,0.00150764,0.00197211,0.00257696,0.00336461,inf	4230.29,4230.29,7165.97,3285.82,1066.19,931.926,1658.03,2146.09,1762.84,1236.33,932.522,844.18,864.559,874.458,912.261,817.91,673.442,383.406,383.406
0.000145946	-71852.94	0,8.84544e-06,2.03641e-05,3.53639e-05,5.48969e-05,8.0333e-05,0.000113456,0.00015659,0.00021276,0.000285904,0.000381155,0.000505191,0.000666714,0.00087705,0.00115095,0.00150764,0.00197211,0.00257696,0.00336461,inf	4369.02,4369.02,7167.43,3227.7,1032.19,926.235,1680.93,2172.27,1765.07,1227.27,923.21,837.596,860.303,872.967,915.988,826.218,682.55,377.122,377.122
