time_index	left_time_boundary	right_time_boundary	lambda
0	0	4.13624e-06	229290
1	4.13624e-06	9.52251e-06	229290
2	9.52251e-06	1.65366e-05	26.2801
3	1.65366e-05	2.56705e-05	1134.42
4	2.56705e-05	3.75647e-05	5049.16
5	3.75647e-05	5.30536e-05	4766.1
6	5.30536e-05	7.32235e-05	1568.09
7	7.32235e-05	9.9489e-05	1213.49
8	9.9489e-05	0.000133692	1402.52
9	0.000133692	0.000178233	1705.77
10	0.000178233	0.000236234	1919.83
11	0.000236234	0.000311763	2013.43
12	0.000311763	0.000410119	1650.05
13	0.000410119	0.0005382	1058.22
14	0.0005382	0.000704989	646.603
15	0.000704989	0.000922185	589.221
16	0.000922185	0.00120502	5758.07
17	0.00120502	0.00157333	71.7138
18	0.00157333	inf	71.7138
