3.52407e-05	-43996.76	0,5.99417e-06,1.37999e-05,2.39646e-05,3.72012e-05,5.44382e-05,7.68845e-05,0.000106114,0.000144178,0.000193745,0.000258292,0.000342346,0.000451803,0.000594339,0.000779952,0.00102166,0.00133642,0.0017463,0.00228005,inf	29849.9,29849.9,5844.84,4850.36,4062.72,3599.05,3402.95,3338.78,3297.22,3206.3,3044.39,2816.23,2524.76,2183.86,1895.37,1894.7,2362.93,1950.44,1950.44
3.39266e-05	-43436.43	0,5.99417e-06,1.37999e-05,2.39646e-05,3.72012e-05,5.44382e-05,7.68845e-05,0.000106114,0.000144178,0.000193745,0.000258292,0.000342346,0.000451803,0.000594339,0.000779952,0.00102166,0.00133642,0.0017463,0.00228005,inf	72213.6,72213.6,5769.72,4432.01,3215.62,2503.68,2242.12,2203.03,2206.88,2130.98,1968.76,1771.34,1567.64,1356.38,1183.21,1211.08,1570.86,1475.98,1475.98
3.6009e-05	-43272.94	0,5.99417e-06,1.37999e-05,2.39646e-05,3.72012e-05,5.44382e-05,7.68845e-05,0.000106114,0.000144178,0.000193745,0.000258292,0.000342346,0.000451803,0.000594339,0.000779952,0.00102166,0.00133642,0.0017463,0.00228005,inf	100515,100515,4612.51,3941.11,2639.33,1840.74,1589.42,1603.69,1670.63,1627.67,1484.64,1328.23,1190.34,1047.82,919.499,951.764,1263.7,1332,1332
3.91709e-05	-43211.76	0,5.99417e-06,1.37999e-05,2.39646e-05,3.72012e-05,5.44382e-05,7.68845e-05,0.000106114,0.000144178,0.000193745,0.000258292,0.000342346,0.000451803,0.000594339,0.000779952,0.00102166,0.00133642,0.0017463,0.00228005,inf	116446,116446,3613.66,3818,2428.58,1535.33,1288.87,1345.1,1462.33,1433.28,1285.92,1142.71,1034.01,917.671,798.863,823.637,1102.43,1268.07,1268.07
4.26882e-05	-43181.54	0,5.99417e-06,1.37999e-05,2.39646e-05,3.72012e-05,5.44382e-05,7.68845e-05,0.000106114,0.000144178,0.000193745,0.000258292,0.000342346,0.000451803,0.000594339,0.000779952,0.00102166,0.00133642,0.0017463,0.00228005,inf	125622,125622,2880.12,3916.06,2393.38,1389.95,1143.4,1236.34,1397.69,1369.85,1204.1,1060.69,965.617,858.088,734.805,748.37,1000.35,1233.15,1233.15
4.63156e-05	-43162.05	0,5.99417e-06,1.37999e-05,2.39646e-05,3.72012e-05,5.44382e-05,7.68845e-05,0.000106114,0.000144178,0.000193745,0.000258292,0.000342346,0.000451803,0.000594339,0.000779952,0.00102166,0.00133642,0.0017463,0.00228005,inf	131484,131484,2320.74,4089.8,2412.9,1305.71,1061.73,1190.67,1393.36,1359.85,1170.29,1022.61,935.781,830.122,696.814,698.557,927.731,1210.91,1210.91
4.99579e-05	-43147.31	0,5.99417e-06,1.37999e-05,2.39646e-05,3.72012e-05,5.44382e-05,7.68845e-05,0.000106114,0.000144178,0.000193745,0.000258292,0.000342346,0.000451803,0.000594339,0.000779952,0.00102166,0.00133642,0.0017463,0.00228005,inf	135628,135628,1878.72,4267.31,2435.51,1244.14,1007.89,1172.63,1414,1370.54,1156.14,1004.17,924.157,817.587,672.193,662.627,871.944,1194.61,1194.61
5.35734e-05	-43135.21	0,5.99417e-06,1.37999e-05,2.39646e-05,3.72012e-05,5.44382e-05,7.68845e-05,0.000106114,0.000144178,0.000193745,0.000258292,0.000342346,0.000451803,0.000594339,0.000779952,0.00102166,0.00133642,0.0017463,0.00228005,inf	138750,138750,1524.51,4420.95,2443.91,1191.7,967.857,1167.66,1444.37,1387.85,1149.63,994.779,921.577,813.011,655.011,635.028,826.804,1181.23,1181.23
5.7143e-05	-43124.85	0,5.99417e-06,1.37999e-05,2.39646e-05,3.72012e-05,5.44382e-05,7.68845e-05,0.000106114,0.000144178,0.000193745,0.000258292,0.000342346,0.000451803,0.000594339,0.000779952,0.00102166,0.00133642,0.0017463,0.00228005,inf	141172,141172,1239.59,4543.8,2435.44,1143.96,935.964,1169.64,1477.85,1405.81,1145.61,989.651,923.626,812.673,642.257,612.825,788.948,1169.35,1169.35
6.06579e-05	-43115.76	0,5.99417e-06,1.37999e-05,2.39646e-05,3.72012e-05,5.44382e-05,7.68845e-05,0.000106114,0.000144178,0.000193745,0.000258292,0.000342346,0.000451803,0.000594339,0.000779952,0.00102166,0.00133642,0.0017463,0.00228005,inf	143072,143072,1010.35,4637.04,2412.54,1099.86,909.902,1175.94,1511.64,1422.03,1141.96,986.55,928.081,814.624,632.298,594.348,756.386,1158.36,1158.36
6.41147e-05	-43107.66	0,5.99417e-06,1.37999e-05,2.39646e-05,3.72012e-05,5.44382e-05,7.68845e-05,0.000106114,0.000144178,0.000193745,0.000258292,0.000342346,0.000451803,0.000594339,0.000779952,0.00102166,0.00133642,0.0017463,0.00228005,inf	144570,144570,825.854,4704.42,2378.76,1059.23,888.506,1185.33,1544.57,1435.7,1137.89,984.429,933.767,817.794,624.198,578.576,727.855,1148,1148
6.75127e-05	-43100.37	0,5.99417e-06,1.37999e-05,2.39646e-05,3.72012e-05,5.44382e-05,7.68845e-05,0.000106114,0.000144178,0.000193745,0.000258292,0.000342346,0.000451803,0.000594339,0.000779952,0.00102166,0.00133642,0.0017463,0.00228005,inf	145746,145746,677.184,4750.11,2337.42,1022.04,871.119,1197.19,1576.2,1446.72,1133.19,982.791,940.048,821.577,617.391,564.849,702.501,1138.17,1138.17
7.08522e-05	-43093.75	0,5.99417e-06,1.37999e-05,2.39646e-05,3.72012e-05,5.44382e-05,7.68845e-05,0.000106114,0.000144178,0.000193745,0.000258292,0.000342346,0.000451803,0.000594339,0.000779952,0.00102166,0.00133642,0.0017463,0.00228005,inf	146664,146664,557.156,4777.53,2291.24,988.228,857.194,1211.13,1606.4,1455.25,1127.88,981.407,946.565,825.619,611.517,552.717,679.717,1128.86,1128.86
7.41345e-05	-43087.72	0,5.99417e-06,1.37999e-05,2.39646e-05,3.72012e-05,5.44382e-05,7.68845e-05,0.000106114,0.000144178,0.000193745,0.000258292,0.000342346,0.000451803,0.000594339,0.000779952,0.00102166,0.00133642,0.0017463,0.00228005,inf	147373,147373,460.015,4789.77,2242.13,957.59,846.374,1226.85,1635.13,1461.57,1122.07,980.172,953.117,829.709,606.34,541.859,659.053,1120.07,1120.07
7.7361e-05	-43082.19	0,5.99417e-06,1.37999e-05,2.39646e-05,3.72012e-05,5.44382e-05,7.68845e-05,0.000106114,0.000144178,0.000193745,0.000258292,0.000342346,0.000451803,0.000594339,0.000779952,0.00102166,0.00133642,0.0017463,0.00228005,inf	147912,147912,381.186,4789.26,2191.53,929.976,838.295,1244.12,1662.43,1465.95,1115.9,979.039,959.585,833.723,601.696,532.04,640.168,1111.79,1111.79
8.05333e-05	-43077.11	0,5.99417e-06,1.37999e-05,2.39646e-05,3.72012e-05,5.44382e-05,7.68845e-05,0.000106114,0.000144178,0.000193745,0.000258292,0.000342346,0.000451803,0.000594339,0.000779952,0.00102166,0.00133642,0.0017463,0.00228005,inf	148310,148310,316.99,4777.95,2140.5,905.104,832.662,1262.73,1688.32,1468.66,1109.48,977.991,965.9,837.587,597.47,523.081,622.792,1104.04,1104.04
8.36527e-05	-43072.43	0,5.99417e-06,1.37999e-05,2.39646e-05,3.72012e-05,5.44382e-05,7.68845e-05,0.000106114,0.000144178,0.000193745,0.000258292,0.000342346,0.000451803,0.000594339,0.000779952,0.00102166,0.00133642,0.0017463,0.00228005,inf	148592,148592,264.54,4757.41,2089.74,882.77,829.182,1282.49,1712.85,1469.94,1102.91,977.02,972.023,841.254,593.577,514.841,606.712,1096.79,1096.79
8.6721e-05	-43068.11	0,5.99417e-06,1.37999e-05,2.39646e-05,3.72012e-05,5.44382e-05,7.68845e-05,0.000106114,0.000144178,0.000193745,0.000258292,0.000342346,0.000451803,0.000594339,0.000779952,0.00102166,0.00133642,0.0017463,0.00228005,inf	148777,148777,221.546,4729.17,2039.8,862.798,827.635,1303.23,1736.06,1469.99,1096.28,976.128,977.933,844.703,589.953,507.211,591.753,1090.03,1090.03
8.97393e-05	-43064.11	0,5.99417e-06,1.37999e-05,2.39646e-05,3.72012e-05,5.44382e-05,7.68845e-05,0.000106114,0.000144178,0.000193745,0.000258292,0.000342346,0.000451803,0.000594339,0.000779952,0.00102166,0.00133642,0.0017463,0.00228005,inf	148881,148881,186.187,4694.08,1990.95,844.895,827.812,1324.8,1757.97,1468.99,1089.66,975.315,983.622,847.924,586.549,500.103,577.773,1083.75,1083.75
9.27093e-05	-43060.40	0,5.99417e-06,1.37999e-05,2.39646e-05,3.72012e-05,5.44382e-05,7.68845e-05,0.000106114,0.000144178,0.000193745,0.000258292,0.000342346,0.000451803,0.000594339,0.000779952,0.00102166,0.00133642,0.0017463,0.00228005,inf	148915,148915,157.001,4653.15,1943.4,828.927,829.536,1347.04,1778.62,1467.09,1083.1,974.584,989.086,850.914,583.328,493.444,564.655,1077.91,1077.91
