time_index	left_time_boundary	right_time_boundary	lambda
0	0	1.23122e-05	6703.02
1	1.23122e-05	2.83453e-05	6703.02
2	2.83453e-05	4.92238e-05	747.749
3	4.92238e-05	7.64122e-05	1916.61
4	7.64122e-05	0.000111817	2013.92
5	0.000111817	0.000157923	1916.8
6	0.000157923	0.000217961	1722.33
7	0.000217961	0.000296145	2142.35
8	0.000296145	0.000397957	2111.94
9	0.000397957	0.000530538	1772.35
10	0.000530538	0.000703187	1415.38
11	0.000703187	0.000928014	1052.68
12	0.000928014	0.00122079	871.543
13	0.00122079	0.00160204	935.808
14	0.00160204	0.00209851	1063.96
15	0.00209851	0.00274503	1370.16
16	0.00274503	0.00358693	3983.62
17	0.00358693	0.00468328	656583
18	0.00468328	inf	656583
