9.83843e-05	-150784.43	0,1.23122e-05,2.83453e-05,4.92238e-05,7.64122e-05,0.000111817,0.000157923,0.000217961,0.000296145,0.000397957,0.000530538,0.000703187,0.000928014,0.00122079,0.00160204,0.00209851,0.00274503,0.00358693,0.00468328,inf	3899.98,3899.98,2314.32,2254.67,2219.41,2199.39,2183.66,2201.22,2198.71,2148.89,2084.5,2022.01,1990.07,2024.75,2079.47,2126.51,2361.74,3380.48,3380.48
9.73827e-05	-150625.72	0,1.23122e-05,2.83453e-05,4.92238e-05,7.64122e-05,0.000111817,0.000157923,0.000217961,0.000296145,0.000397957,0.000530538,0.000703187,0.000928014,0.00122079,0.00160204,0.00209851,0.00274503,0.00358693,0.00468328,inf	5127.6,5127.6,2155.79,2128.72,2093.95,2070.06,2042.93,2075.34,2068.08,1971.92,1855.97,1750.99,1703.31,1761.84,1852.01,1925.88,2403.46,5748.39,5748.39
9.76629e-05	-150543.33	0,1.23122e-05,2.83453e-05,4.92238e-05,7.64122e-05,0.000111817,0.000157923,0.000217961,0.000296145,0.000397957,0.000530538,0.000703187,0.000928014,0.00122079,0.00160204,0.00209851,0.00274503,0.00358693,0.00468328,inf	6065.2,6065.2,1991.04,2044.57,2028.24,2008.48,1972.51,2021.06,2010.41,1870.45,1709.52,1570.7,1511.81,1585.76,1699.83,1794.55,2559.99,20893.5,20893.5
9.76629e-05	-150497.66	0,1.23122e-05,2.83453e-05,4.92238e-05,7.64122e-05,0.000111817,0.000157923,0.000217961,0.000296145,0.000397957,0.000530538,0.000703187,0.000928014,0.00122079,0.00160204,0.00209851,0.00274503,0.00358693,0.00468328,inf	6702.94,6702.94,1823.75,1978.12,1987.54,1975.14,1932.35,1999.68,1989.2,1809.27,1608.88,1441.75,1373.62,1457.18,1586.4,1701.33,2843.48,656583,656583
9.76629e-05	-150469.88	0,1.23122e-05,2.83453e-05,4.92238e-05,7.64122e-05,0.000111817,0.000157923,0.000217961,0.000296145,0.000397957,0.000530538,0.000703187,0.000928014,0.00122079,0.00160204,0.00209851,0.00274503,0.00358693,0.00468328,inf	6702.95,6702.95,1659.37,1922.29,1961.07,1957.43,1909.07,1998.08,1992.59,1776.15,1539.95,1347.55,1270.78,1357.57,1498.43,1634.01,3081.8,656583,656583
9.76629e-05	-150451.12	0,1.23122e-05,2.83453e-05,4.92238e-05,7.64122e-05,0.000111817,0.000157923,0.000217961,0.000296145,0.000397957,0.000530538,0.000703187,0.000928014,0.00122079,0.00160204,0.00209851,0.00274503,0.00358693,0.00468328,inf	6702.95,6702.95,1528.27,1887.27,1948.61,1949.87,1894.72,2006.8,2011,1761.61,1492.79,1277.36,1192.29,1280.05,1428.87,1583.23,3258.22,656583,656583
9.76629e-05	-150438.22	0,1.23122e-05,2.83453e-05,4.92238e-05,7.64122e-05,0.000111817,0.000157923,0.000217961,0.000296145,0.000397957,0.000530538,0.000703187,0.000928014,0.00122079,0.00160204,0.00209851,0.00274503,0.00358693,0.00468328,inf	6702.95,6702.95,1419.76,1864.97,1943.34,1946.09,1883.15,2019.2,2037.79,1759.1,1460.56,1223.9,1130.86,1218.24,1372.3,1543.51,3392.99,656583,656583
9.76629e-05	-150429.01	0,1.23122e-05,2.83453e-05,4.92238e-05,7.64122e-05,0.000111817,0.000157923,0.000217961,0.000296145,0.000397957,0.000530538,0.000703187,0.000928014,0.00122079,0.00160204,0.00209851,0.00274503,0.00358693,0.00468328,inf	6702.95,6702.95,1327.4,1850.72,1941.45,1942.55,1870.7,2030.58,2038.74,1763.67,1438.54,1182.38,1081.82,1167.98,1325.39,1511.63,3502.58,656583,656583
9.76629e-05	-150422.32	0,1.23122e-05,2.83453e-05,4.92238e-05,7.64122e-05,0.000111817,0.000157923,0.000217961,0.000296145,0.000397957,0.000530538,0.000703187,0.000928014,0.00122079,0.00160204,0.00209851,0.00274503,0.00358693,0.00468328,inf	6702.96,6702.96,1247.82,1843.26,1943.15,1940.69,1859,2043.67,2054.02,1763.78,1424.96,1150.17,1042.07,1126.73,1285.69,1485.63,3589.84,656583,656583
9.76629e-05	-150417.28	0,1.23122e-05,2.83453e-05,4.92238e-05,7.64122e-05,0.000111817,0.000157923,0.000217961,0.000296145,0.000397957,0.000530538,0.000703187,0.000928014,0.00122079,0.00160204,0.00209851,0.00274503,0.00358693,0.00468328,inf	6702.97,6702.97,1177.93,1840.28,1946.47,1938.66,1846.71,2055.91,2066.75,1763.78,1417.65,1125.05,1009.13,1092.95,1251.69,1464.12,3661.37,656583,656583
9.76629e-05	-150413.43	0,1.23122e-05,2.83453e-05,4.92238e-05,7.64122e-05,0.000111817,0.000157923,0.000217961,0.000296145,0.000397957,0.000530538,0.000703187,0.000928014,0.00122079,0.00160204,0.00209851,0.00274503,0.00358693,0.00468328,inf	6702.97,6702.97,1115.81,1840.77,1950.98,1936.39,1834.32,2067.11,2066.86,1771.97,1415.38,1105.5,982.574,1064.25,1222.18,1446.15,3720.49,656583,656583
9.76629e-05	-150410.46	0,1.23122e-05,2.83453e-05,4.92238e-05,7.64122e-05,0.000111817,0.000157923,0.000217961,0.000296145,0.000397957,0.000530538,0.000703187,0.000928014,0.00122079,0.00160204,0.00209851,0.00274503,0.00358693,0.00468328,inf	6702.97,6702.97,1059.98,1844.14,1956.72,1934.43,1822.01,2077.89,2075.27,1771.97,1415.38,1090.11,960.008,1040.02,1196.3,1431.01,3770.3,656583,656583
9.76629e-05	-150408.09	0,1.23122e-05,2.83453e-05,4.92238e-05,7.64122e-05,0.000111817,0.000157923,0.000217961,0.000296145,0.000397957,0.000530538,0.000703187,0.000928014,0.00122079,0.00160204,0.00209851,0.00274503,0.00358693,0.00468328,inf	6702.98,6702.98,1009.33,1849.55,1963.03,1932.26,1809.04,2087.9,2082.79,1772.11,1415.38,1078.18,941.297,1019.29,1173.4,1418.22,3812.71,656583,656583
9.76629e-05	-150406.17	0,1.23122e-05,2.83453e-05,4.92238e-05,7.64122e-05,0.000111817,0.000157923,0.000217961,0.000296145,0.000397957,0.000530538,0.000703187,0.000928014,0.00122079,0.00160204,0.00209851,0.00274503,0.00358693,0.00468328,inf	6702.98,6702.98,963.037,1856.62,1969.8,1929.99,1796.32,2097.14,2089.47,1772.11,1415.38,1069.11,925.496,1001.66,1152.97,1407.38,3848.98,656583,656583
9.76629e-05	-150404.62	0,1.23122e-05,2.83453e-05,4.92238e-05,7.64122e-05,0.000111817,0.000157923,0.000217961,0.000296145,0.000397957,0.000530538,0.000703187,0.000928014,0.00122079,0.00160204,0.00209851,0.00274503,0.00358693,0.00468328,inf	6702.98,6702.98,920.452,1864.94,1976.87,1927.65,1783.22,2105.62,2095.8,1772.11,1415.38,1062.43,912.338,986.414,1134.6,1398.2,3880.13,656583,656583
9.76629e-05	-150403.34	0,1.23122e-05,2.83453e-05,4.92238e-05,7.64122e-05,0.000111817,0.000157923,0.000217961,0.000296145,0.000397957,0.000530538,0.000703187,0.000928014,0.00122079,0.00160204,0.00209851,0.00274503,0.00358693,0.00468328,inf	6702.99,6702.99,881.047,1874.21,1984.16,1925.31,1770.54,2113.62,2101.26,1772.11,1415.38,1057.74,901.158,973.333,1117.96,1390.43,3906.98,656583,656583
9.76629e-05	-150402.27	0,1.23122e-05,2.83453e-05,4.92238e-05,7.64122e-05,0.000111817,0.000157923,0.000217961,0.000296145,0.000397957,0.000530538,0.000703187,0.000928014,0.00122079,0.00160204,0.00209851,0.00274503,0.00358693,0.00468328,inf	6703,6703,844.392,1884.22,1991.49,1922.9,1757.9,2120.96,2101.26,1772.35,1415.38,1054.7,891.809,961.932,1102.78,1383.88,3930.78,656583,656583
9.76629e-05	-150401.39	0,1.23122e-05,2.83453e-05,4.92238e-05,7.64122e-05,0.000111817,0.000157923,0.000217961,0.000296145,0.000397957,0.000530538,0.000703187,0.000928014,0.00122079,0.00160204,0.00209851,0.00274503,0.00358693,0.00468328,inf	6703,6703,810.137,1894.76,1999.09,1920.88,1745.86,2128.5,2105.04,1772.35,1415.38,1053.11,883.93,952.023,1088.84,1378.4,3950.86,656583,656583
9.76629e-05	-150400.63	0,1.23122e-05,2.83453e-05,4.92238e-05,7.64122e-05,0.000111817,0.000157923,0.000217961,0.000296145,0.000397957,0.000530538,0.000703187,0.000928014,0.00122079,0.00160204,0.00209851,0.00274503,0.00358693,0.00468328,inf	6703.02,6703.02,778.001,1905.59,2006.57,1918.84,1734,2135.63,2108.59,1772.35,1415.38,1052.68,877.261,943.377,1075.95,1373.86,3968.3,656583,656583
9.76629e-05	-150399.97	0,1.23122e-05,2.83453e-05,4.92238e-05,7.64122e-05,0.000111817,0.000157923,0.000217961,0.000296145,0.000397957,0.000530538,0.000703187,0.000928014,0.00122079,0.00160204,0.00209851,0.00274503,0.00358693,0.00468328,inf	6703.02,6703.02,747.749,1916.61,2013.92,1916.8,1722.33,2142.35,2111.94,1772.35,1415.38,1052.68,871.543,935.808,1063.96,1370.16,3983.62,656583,656583
