0.000174571	-195322.22	0,2.04664e-05,4.7118e-05,8.18242e-05,0.000127019,0.000185873,0.000262513,0.000362315,0.000492279,0.000661519,0.000881907,0.0011689,0.00154263,0.0020293,0.00266305,0.00348834,0.00456303,0.00596252,0.00778496,inf	3512.61,3512.61,2012.33,1638.73,1534.1,1499.96,1447.25,1370.63,1289.1,1220.71,1177.15,1165.7,1189.89,1215.88,1208.27,1130.7,891.487,35.7285,35.7285
0.000185688	-195056.04	0,2.04664e-05,4.7118e-05,8.18242e-05,0.000127019,0.000185873,0.000262513,0.000362315,0.000492279,0.000661519,0.000881907,0.0011689,0.00154263,0.0020293,0.00266305,0.00348834,0.00456303,0.00596252,0.00778496,inf	4483.52,4483.52,2090.82,1622.54,1537.72,1539.28,1476.39,1351.45,1211.91,1097.75,1028.03,1010.14,1046.85,1089.11,1090.82,1030.34,896.433,30.7777,30.7777
0.000198317	-194946.59	0,2.04664e-05,4.7118e-05,8.18242e-05,0.000127019,0.000185873,0.000262513,0.000362315,0.000492279,0.000661519,0.000881907,0.0011689,0.00154263,0.0020293,0.00266305,0.00348834,0.00456303,0.00596252,0.00778496,inf	4821.8,4821.8,2025.98,1566.29,1530.95,1585.75,1527.25,1366.36,1180.75,1032.1,943.708,920.662,963.412,1013.84,1021.26,978.431,939.554,33.9157,33.9157
0.000211566	-194866.93	0,2.04664e-05,4.7118e-05,8.18242e-05,0.000127019,0.000185873,0.000262513,0.000362315,0.000492279,0.000661519,0.000881907,0.0011689,0.00154263,0.0020293,0.00266305,0.00348834,0.00456303,0.00596252,0.00778496,inf	4952.28,4952.28,1942,1512.27,1524.45,1632.19,1582.71,1393.28,1170.13,994.543,892.053,864.909,910.823,965.204,975.525,947.851,1001.71,32.402,32.402
0.000224933	-194812.43	0,2.04664e-05,4.7118e-05,8.18242e-05,0.000127019,0.000185873,0.000262513,0.000362315,0.000492279,0.000661519,0.000881907,0.0011689,0.00154263,0.0020293,0.00266305,0.00348834,0.00456303,0.00596252,0.00778496,inf	5008.13,5008.13,1863.05,1464.68,1516.54,1672.06,1632.72,1420.51,1167.12,970.655,857.521,827.262,874.833,930.485,941.102,924.076,1060.29,32.7787,32.7787
0.00023823	-194765.69	0,2.04664e-05,4.7118e-05,8.18242e-05,0.000127019,0.000185873,0.000262513,0.000362315,0.000492279,0.000661519,0.000881907,0.0011689,0.00154263,0.0020293,0.00266305,0.00348834,0.00456303,0.00596252,0.00778496,inf	5034.49,5034.49,1794.17,1423.96,1507.79,1704.88,1675.05,1444.36,1166.76,954.201,833.063,800.538,848.996,904.374,913.771,904.571,1116.78,32.2997,32.2997
0.00025136	-194727.26	0,2.04664e-05,4.7118e-05,8.18242e-05,0.000127019,0.000185873,0.000262513,0.000362315,0.000492279,0.000661519,0.000881907,0.0011689,0.00154263,0.0020293,0.00266305,0.00348834,0.00456303,0.00596252,0.00778496,inf	5052.17,5052.17,1736.8,1390.56,1499.89,1732.52,1710.47,1464.21,1167.04,942.042,814.88,780.747,829.613,883.696,890.821,887.172,1167.97,32.0124,32.0124
0.000264277	-194693.68	0,2.04664e-05,4.7118e-05,8.18242e-05,0.000127019,0.000185873,0.000262513,0.000362315,0.000492279,0.000661519,0.000881907,0.0011689,0.00154263,0.0020293,0.00266305,0.00348834,0.00456303,0.00596252,0.00778496,inf	5063.78,5063.78,1688.7,1363.17,1493.18,1756.11,1739.91,1480.14,1167.08,932.491,800.838,765.617,814.597,866.737,870.955,871.301,1214.37,31.6122,31.6122
0.000276962	-194664.23	0,2.04664e-05,4.7118e-05,8.18242e-05,0.000127019,0.000185873,0.000262513,0.000362315,0.000492279,0.000661519,0.000881907,0.0011689,0.00154263,0.0020293,0.00266305,0.00348834,0.00456303,0.00596252,0.00778496,inf	5070.88,5070.88,1648.08,1340.75,1487.87,1776.74,1764.44,1492.62,1166.55,924.594,789.643,753.738,802.632,852.4,853.325,856.535,1255.88,31.1998,31.1998
0.000289411	-194637.99	0,2.04664e-05,4.7118e-05,8.18242e-05,0.000127019,0.000185873,0.000262513,0.000362315,0.000492279,0.000661519,0.000881907,0.0011689,0.00154263,0.0020293,0.00266305,0.00348834,0.00456303,0.00596252,0.00778496,inf	5074.68,5074.68,1613.49,1322.43,1484.03,1795.21,1785.03,1502.2,1165.38,917.81,780.491,744.216,792.885,839.999,837.416,842.684,1292.85,30.762,30.762
0.000301626	-194614.41	0,2.04664e-05,4.7118e-05,8.18242e-05,0.000127019,0.000185873,0.000262513,0.000362315,0.000492279,0.000661519,0.000881907,0.0011689,0.00154263,0.0020293,0.00266305,0.00348834,0.00456303,0.00596252,0.00778496,inf	5075.99,5075.99,1583.74,1307.47,1481.65,1812.13,1802.46,1509.37,1163.62,911.808,772.855,736.453,784.792,829.073,822.88,829.621,1325.56,30.3095,30.3095
0.000313616	-194593.06	0,2.04664e-05,4.7118e-05,8.18242e-05,0.000127019,0.000185873,0.000262513,0.000362315,0.000492279,0.000661519,0.000881907,0.0011689,0.00154263,0.0020293,0.00266305,0.00348834,0.00456303,0.00596252,0.00778496,inf	5075.42,5075.42,1557.89,1295.24,1480.58,1827.88,1817.33,1514.57,1161.34,906.379,766.377,730.037,777.966,819.302,809.475,817.263,1354.31,29.8457,29.8457
0.000325391	-194573.62	0,2.04664e-05,4.7118e-05,8.18242e-05,0.000127019,0.000185873,0.000262513,0.000362315,0.000492279,0.000661519,0.000881907,0.0011689,0.00154263,0.0020293,0.00266305,0.00348834,0.00456303,0.00596252,0.00778496,inf	5073.51,5073.51,1535.17,1285.27,1480.72,1842.76,1830.14,1518.16,1158.61,901.388,760.805,724.673,772.133,810.46,797.027,805.545,1379.4,29.374,29.374
0.000336959	-194555.84	0,2.04664e-05,4.7118e-05,8.18242e-05,0.000127019,0.000185873,0.000262513,0.000362315,0.000492279,0.000661519,0.000881907,0.0011689,0.00154263,0.0020293,0.00266305,0.00348834,0.00456303,0.00596252,0.00778496,inf	5070.69,5070.69,1514.97,1277.12,1481.92,1856.95,1841.24,1520.41,1155.52,896.745,755.959,720.149,767.09,802.383,785.403,794.414,1401.06,28.8964,28.8964
0.000348334	-194539.51	0,2.04664e-05,4.7118e-05,8.18242e-05,0.000127019,0.000185873,0.000262513,0.000362315,0.000492279,0.000661519,0.000881907,0.0011689,0.00154263,0.0020293,0.00266305,0.00348834,0.00456303,0.00596252,0.00778496,inf	5067.19,5067.19,1496.82,1270.49,1484.05,1870.6,1850.93,1521.56,1152.14,892.385,751.704,716.304,762.69,794.947,774.504,783.822,1419.5,28.4145,28.4145
0.000359525	-194524.47	0,2.04664e-05,4.7118e-05,8.18242e-05,0.000127019,0.000185873,0.000262513,0.000362315,0.000492279,0.000661519,0.000881907,0.0011689,0.00154263,0.0020293,0.00266305,0.00348834,0.00456303,0.00596252,0.00778496,inf	5063.35,5063.35,1480.34,1265.1,1486.99,1883.78,1859.42,1521.79,1148.52,888.264,747.939,713.019,758.821,788.058,764.247,773.728,1434.93,27.9292,27.9292
0.000370544	-194510.59	0,2.04664e-05,4.7118e-05,8.18242e-05,0.000127019,0.000185873,0.000262513,0.000362315,0.000492279,0.000661519,0.000881907,0.0011689,0.00154263,0.0020293,0.00266305,0.00348834,0.00456303,0.00596252,0.00778496,inf	5059.38,5059.38,1465.22,1260.74,1490.64,1896.58,1866.9,1521.25,1144.7,884.347,744.587,710.201,755.396,781.645,754.568,764.094,1447.48,27.4408,27.4408
0.000381401	-194497.75	0,2.04664e-05,4.7118e-05,8.18242e-05,0.000127019,0.000185873,0.000262513,0.000362315,0.000492279,0.000661519,0.000881907,0.0011689,0.00154263,0.0020293,0.00266305,0.00348834,0.00456303,0.00596252,0.00778496,inf	5055.43,5055.43,1451.21,1257.26,1494.89,1909.04,1873.52,1520.08,1140.75,880.613,741.585,707.774,752.347,775.65,745.414,754.884,1457.31,26.9494,26.9494
0.000392108	-194485.87	0,2.04664e-05,4.7118e-05,8.18242e-05,0.000127019,0.000185873,0.000262513,0.000362315,0.000492279,0.000661519,0.000881907,0.0011689,0.00154263,0.0020293,0.00266305,0.00348834,0.00456303,0.00596252,0.00778496,inf	5051.57,5051.57,1438.11,1254.5,1499.68,1921.2,1879.38,1518.37,1136.67,877.039,738.887,705.684,749.623,770.029,736.739,746.065,1464.52,26.4548,26.4548
0.000402674	-194474.87	0,2.04664e-05,4.7118e-05,8.18242e-05,0.000127019,0.000185873,0.000262513,0.000362315,0.000492279,0.000661519,0.000881907,0.0011689,0.00154263,0.0020293,0.00266305,0.00348834,0.00456303,0.00596252,0.00778496,inf	5047.9,5047.9,1425.77,1252.37,1504.94,1933.09,1884.59,1516.2,1132.52,873.612,736.451,703.881,747.181,764.745,728.505,737.604,1469.21,25.9565,25.9565
