time_index	left_time_boundary	right_time_boundary	lambda
0	0	1.6829e-05	6288.01
1	1.6829e-05	3.8744e-05	6288.01
2	3.8744e-05	6.7282e-05	626.422
3	6.7282e-05	0.000104445	1199.98
4	0.000104445	0.000152839	1775.72
5	0.000152839	0.000215858	1810.52
6	0.000215858	0.000297922	1798.35
7	0.000297922	0.000404788	1597.74
8	0.000404788	0.000543951	1274.12
9	0.000543951	0.00072517	1011.14
10	0.00072517	0.000961157	878.919
11	0.000961157	0.00126846	784.598
12	0.00126846	0.00166864	700.106
13	0.00166864	0.00218976	633.383
14	0.00218976	0.00286837	629.212
15	0.00286837	0.00375207	727.565
16	0.00375207	0.00490283	1126.72
17	0.00490283	0.00640137	129.462
18	0.00640137	inf	129.462
