time_index	left_time_boundary	right_time_boundary	lambda
0	0	1.77063e-05	5516.31
1	1.77063e-05	4.07638e-05	5516.31
2	4.07638e-05	7.07896e-05	1179.78
3	7.07896e-05	0.00010989	1167.04
4	0.00010989	0.000160807	1490.49
5	0.000160807	0.000227111	1634.83
6	0.000227111	0.000313454	1794
7	0.000313454	0.000425891	1620.22
8	0.000425891	0.000572309	1336.6
9	0.000572309	0.000762976	1135.91
10	0.000762976	0.00101127	968.505
11	0.00101127	0.00133459	787.22
12	0.00133459	0.00175563	697.988
13	0.00175563	0.00230392	708.676
14	0.00230392	0.00301791	750.68
15	0.00301791	0.00394768	769.145
16	0.00394768	0.00515843	1715.84
17	0.00515843	0.0067351	16.1497
18	0.0067351	inf	16.1497
