0.000176668	-199059.00	0,2.08724e-05,4.80529e-05,8.34476e-05,0.000129539,0.000189561,0.000267721,0.000369503,0.000502045,0.000674644,0.000899405,0.00119209,0.00157323,0.00206956,0.00271589,0.00355754,0.00465356,0.00608082,0.00793941,inf	3788.76,3788.76,1887.09,1572.14,1513.77,1482.28,1408.71,1311.21,1212.95,1136.98,1090.27,1077.37,1101.98,1115.17,1122.26,1230.42,1493.64,2205.22,2205.22
0.00018638	-198742.98	0,2.08724e-05,4.80529e-05,8.34476e-05,0.000129539,0.000189561,0.000267721,0.000369503,0.000502045,0.000674644,0.000899405,0.00119209,0.00157323,0.00206956,0.00271589,0.00355754,0.00465356,0.00608082,0.00793941,inf	4913.83,4913.83,1855.86,1524,1526.11,1535.68,1434.53,1272.91,1109.09,990.014,920.749,902.645,936.66,955.234,962.808,1105.83,1555.13,4215.39,4215.39
0.000198256	-198605.77	0,2.08724e-05,4.80529e-05,8.34476e-05,0.000129539,0.000189561,0.000267721,0.000369503,0.000502045,0.000674644,0.000899405,0.00119209,0.00157323,0.00206956,0.00271589,0.00355754,0.00465356,0.00608082,0.00793941,inf	5320.58,5320.58,1710.97,1448.58,1532.7,1602.43,1490.62,1279.3,1065.24,916.513,832.211,809.75,846.411,864.201,867.793,1023.14,1620.11,24890.8,24890.8
0.000198256	-198525.31	0,2.08724e-05,4.80529e-05,8.34476e-05,0.000129539,0.000189561,0.000267721,0.000369503,0.000502045,0.000674644,0.000899405,0.00119209,0.00157323,0.00206956,0.00271589,0.00355754,0.00465356,0.00608082,0.00793941,inf	5348.61,5348.61,1532.87,1351.91,1504.49,1629.23,1516.69,1273.17,1027.54,862.381,769.957,745.083,781.606,796.456,793.784,954.372,1676.38,387793,387793
0.000198256	-198497.14	0,2.08724e-05,4.80529e-05,8.34476e-05,0.000129539,0.000189561,0.000267721,0.000369503,0.000502045,0.000674644,0.000899405,0.00119209,0.00157323,0.00206956,0.00271589,0.00355754,0.00465356,0.00608082,0.00793941,inf	5348.63,5348.63,1402.99,1283.02,1488.26,1665.93,1556.36,1285.66,1012.68,833.629,733.611,705.768,740.248,748.706,740.087,900.29,1729.8,387855,387855
0.000198256	-198482.73	0,2.08724e-05,4.80529e-05,8.34476e-05,0.000129539,0.000189561,0.000267721,0.000369503,0.000502045,0.000674644,0.000899405,0.00119209,0.00157323,0.00206956,0.00271589,0.00355754,0.00465356,0.00608082,0.00793941,inf	5348.67,5348.67,1303.27,1228.15,1474.19,1697.05,1593.71,1290.71,1007.47,818.057,711.801,681.346,713.486,715.387,699.314,855.884,1779.98,387890,387890
0.000198256	-198475.01	0,2.08724e-05,4.80529e-05,8.34476e-05,0.000129539,0.000189561,0.000267721,0.000369503,0.000502045,0.000674644,0.000899405,0.00119209,0.00157323,0.00206956,0.00271589,0.00355754,0.00465356,0.00608082,0.00793941,inf	5348.69,5348.69,1225.34,1183.07,1460.48,1723.58,1627.19,1292.05,1007.47,810.309,698.898,666.225,696.23,691.572,667.23,818.257,1828.23,387909,387909
0.000198256	-198470.63	0,2.08724e-05,4.80529e-05,8.34476e-05,0.000129539,0.000189561,0.000267721,0.000369503,0.000502045,0.000674644,0.000899405,0.00119209,0.00157323,0.00206956,0.00271589,0.00355754,0.00465356,0.00608082,0.00793941,inf	5348.7,5348.7,1163.83,1146.92,1447.62,1744.81,1656.02,1292.21,1007.47,807.016,691.453,657.072,685.608,674.262,641.26,785.608,1875.38,387916,387916
0.000198256	-198467.99	0,2.08724e-05,4.80529e-05,8.34476e-05,0.000129539,0.000189561,0.000267721,0.000369503,0.000502045,0.000674644,0.000899405,0.00119209,0.00157323,0.00206956,0.00271589,0.00355754,0.00465356,0.00608082,0.00793941,inf	5348.72,5348.72,1114.86,1117.45,1436.08,1761.77,1680.17,1292.21,1007.47,806.327,687.425,651.779,679.562,661.536,619.746,756.769,1920.43,387916,387916
0.000198256	-198466.30	0,2.08724e-05,4.80529e-05,8.34476e-05,0.000129539,0.000189561,0.000267721,0.000369503,0.000502045,0.000674644,0.000899405,0.00119209,0.00157323,0.00206956,0.00271589,0.00355754,0.00465356,0.00608082,0.00793941,inf	5348.72,5348.72,1075.67,1093.46,1425.59,1775.52,1700.3,1292.21,1007.47,806.327,685.417,649.11,676.619,652.119,601.577,730.974,1957.36,387916,387916
0.000198256	-198465.08	0,2.08724e-05,4.80529e-05,8.34476e-05,0.000129539,0.000189561,0.000267721,0.000369503,0.000502045,0.000674644,0.000899405,0.00119209,0.00157323,0.00206956,0.00271589,0.00355754,0.00465356,0.00608082,0.00793941,inf	5348.73,5348.73,1044.17,1073.98,1416.17,1786.72,1717.03,1292.21,1007.47,806.327,684.641,648.175,675.905,645.16,586.003,707.641,1988.27,387916,387916
0.000198256	-198464.14	0,2.08724e-05,4.80529e-05,8.34476e-05,0.000129539,0.000189561,0.000267721,0.000369503,0.000502045,0.000674644,0.000899405,0.00119209,0.00157323,0.00206956,0.00271589,0.00355754,0.00465356,0.00608082,0.00793941,inf	5348.73,5348.73,1018.75,1058.21,1407.78,1795.92,1730.88,1292.21,1007.47,806.327,684.582,648.22,675.905,640.07,572.49,686.35,2014.9,387916,387916
0.000198256	-198463.39	0,2.08724e-05,4.80529e-05,8.34476e-05,0.000129539,0.000189561,0.000267721,0.000369503,0.000502045,0.000674644,0.000899405,0.00119209,0.00157323,0.00206956,0.00271589,0.00355754,0.00465356,0.00608082,0.00793941,inf	5348.74,5348.74,998.166,1045.48,1400.33,1803.56,1742.34,1292.21,1007.47,806.327,684.582,648.22,675.905,636.471,560.671,666.797,2038.51,387916,387916
0.000198256	-198462.78	0,2.08724e-05,4.80529e-05,8.34476e-05,0.000129539,0.000189561,0.000267721,0.000369503,0.000502045,0.000674644,0.000899405,0.00119209,0.00157323,0.00206956,0.00271589,0.00355754,0.00465356,0.00608082,0.00793941,inf	5348.75,5348.75,981.434,1035.24,1393.5,1810.08,1751.81,1292.21,1007.47,806.327,684.582,648.22,675.905,634.13,550.287,648.76,2059.55,387916,387916
0.000198256	-198462.28	0,2.08724e-05,4.80529e-05,8.34476e-05,0.000129539,0.000189561,0.000267721,0.000369503,0.000502045,0.000674644,0.000899405,0.00119209,0.00157323,0.00206956,0.00271589,0.00355754,0.00465356,0.00608082,0.00793941,inf	5348.75,5348.75,967.797,1027.03,1387.4,1815.59,1759.64,1292.21,1007.47,806.327,684.582,648.22,675.905,632.848,541.124,632.053,2078.36,387916,387916
0.000198256	-198461.84	0,2.08724e-05,4.80529e-05,8.34476e-05,0.000129539,0.000189561,0.000267721,0.000369503,0.000502045,0.000674644,0.000899405,0.00119209,0.00157323,0.00206956,0.00271589,0.00355754,0.00465356,0.00608082,0.00793941,inf	5348.76,5348.76,956.636,1020.46,1382.11,1820.18,1759.64,1297,1007.6,806.327,684.582,648.22,675.905,632.459,533.006,616.518,2095.25,387916,387916
0.000198256	-198461.46	0,2.08724e-05,4.80529e-05,8.34476e-05,0.000129539,0.000189561,0.000267721,0.000369503,0.000502045,0.000674644,0.000899405,0.00119209,0.00157323,0.00206956,0.00271589,0.00355754,0.00465356,0.00608082,0.00793941,inf	5348.76,5348.76,947.669,1015.55,1377.63,1824.61,1764.22,1297,1007.6,806.327,684.582,648.22,675.905,632.459,525.789,602.025,2110.64,387916,387916
0.000198256	-198461.14	0,2.08724e-05,4.80529e-05,8.34476e-05,0.000129539,0.000189561,0.000267721,0.000369503,0.000502045,0.000674644,0.000899405,0.00119209,0.00157323,0.00206956,0.00271589,0.00355754,0.00465356,0.00608082,0.00793941,inf	5348.77,5348.77,940.256,1011.67,1373.53,1828.53,1767.96,1297,1007.6,806.327,684.582,648.22,675.905,632.459,519.366,588.47,2124.84,387916,387916
0.000198256	-198460.85	0,2.08724e-05,4.80529e-05,8.34476e-05,0.000129539,0.000189561,0.000267721,0.000369503,0.000502045,0.000674644,0.000899405,0.00119209,0.00157323,0.00206956,0.00271589,0.00355754,0.00465356,0.00608082,0.00793941,inf	5348.77,5348.77,934.11,1008.67,1369.75,1832.01,1771.02,1297,1007.6,806.327,684.582,648.22,675.905,632.459,513.653,575.766,2137.96,387916,387916
0.000198256	-198460.60	0,2.08724e-05,4.80529e-05,8.34476e-05,0.000129539,0.000189561,0.000267721,0.000369503,0.000502045,0.000674644,0.000899405,0.00119209,0.00157323,0.00206956,0.00271589,0.00355754,0.00465356,0.00608082,0.00793941,inf	5348.77,5348.77,928.998,1006.37,1366.16,1835.2,1771.02,1298.91,1007.6,806.327,684.582,648.22,675.905,632.459,508.577,563.837,2150.11,387916,387916
