time_index	left_time_boundary	right_time_boundary	lambda
0	0	8.75553e-06	9257.9
1	8.75553e-06	2.01571e-05	9257.9
2	2.01571e-05	3.50045e-05	4623.48
3	3.50045e-05	5.43389e-05	3796.54
4	5.43389e-05	7.95165e-05	1236.56
5	7.95165e-05	0.000112303	950.016
6	0.000112303	0.000154999	1615.57
7	0.000154999	0.000210597	2127.34
8	0.000210597	0.000282998	1815.89
9	0.000282998	0.000377281	1260.72
10	0.000377281	0.000500056	947.624
11	0.000500056	0.000659937	877.999
12	0.000659937	0.000868136	937.634
13	0.000868136	0.00113926	938.085
14	0.00113926	0.00149231	806.807
15	0.00149231	0.00195207	572.516
16	0.00195207	0.00255077	381.876
17	0.00255077	0.00333041	855.811
18	0.00333041	inf	855.811
