5.757e-05	-71297.87	0,8.75553e-06,2.01571e-05,3.50045e-05,5.43389e-05,7.95165e-05,0.000112303,0.000154999,0.000210597,0.000282998,0.000377281,0.000500056,0.000659937,0.000868136,0.00113926,0.00149231,0.00195207,0.00255077,0.00333041,inf	4796.12,4796.12,3763.51,3126.76,2533.08,2208.14,2114.98,2079.2,2026.07,1951.68,1872.56,1803.75,1758.83,1733.39,1744.05,1740,1654.63,2650.43,2650.43
5.73762e-05	-70777.40	0,8.75553e-06,2.01571e-05,3.50045e-05,5.43389e-05,7.95165e-05,0.000112303,0.000154999,0.000210597,0.000282998,0.000377281,0.000500056,0.000659937,0.000868136,0.00113926,0.00149231,0.00195207,0.00255077,0.00333041,inf	5239.46,5239.46,4162.23,3209.4,2258.15,1766.74,1680.97,1671.56,1601.9,1483.15,1366.46,1280.66,1241.16,1227.12,1235.91,1218.81,1146.34,2097.84,2097.84
6.08142e-05	-70627.65	0,8.75553e-06,2.01571e-05,3.50045e-05,5.43389e-05,7.95165e-05,0.000112303,0.000154999,0.000210597,0.000282998,0.000377281,0.000500056,0.000659937,0.000868136,0.00113926,0.00149231,0.00195207,0.00255077,0.00333041,inf	5402.34,5402.34,4524.48,3413.99,2192.49,1598.97,1554.37,1589.11,1507.43,1342.44,1188.32,1085.2,1045.23,1030.85,1028.55,991.728,913.354,1788.06,1788.06
6.53594e-05	-70563.17	0,8.75553e-06,2.01571e-05,3.50045e-05,5.43389e-05,7.95165e-05,0.000112303,0.000154999,0.000210597,0.000282998,0.000377281,0.000500056,0.000659937,0.000868136,0.00113926,0.00149231,0.00195207,0.00255077,0.00333041,inf	5507.19,5507.19,4766.76,3587.33,2153.49,1502.73,1516.07,1604.97,1516.01,1307.22,1119.05,1001.56,960.611,942.517,926.585,868.729,779.218,1589.53,1589.53
7.02741e-05	-70523.96	0,8.75553e-06,2.01571e-05,3.50045e-05,5.43389e-05,7.95165e-05,0.000112303,0.000154999,0.000210597,0.000282998,0.000377281,0.000500056,0.000659937,0.000868136,0.00113926,0.00149231,0.00195207,0.00255077,0.00333041,inf	5638.14,5638.14,4905.78,3703.3,2099.52,1424.29,1500.91,1646.45,1553.41,1305.79,1089.36,962.31,922.29,900.56,871.107,793.081,691.743,1448.02,1448.02
7.52867e-05	-70495.14	0,8.75553e-06,2.01571e-05,3.50045e-05,5.43389e-05,7.95165e-05,0.000112303,0.000154999,0.000210597,0.000282998,0.000377281,0.000500056,0.000659937,0.000868136,0.00113926,0.00149231,0.00195207,0.00255077,0.00333041,inf	5814.74,5814.74,4979.76,3776.78,2031.62,1353.46,1491.89,1691.14,1594.73,1313.19,1074.36,942.354,905.475,881.197,839.184,742.532,630.06,1340.08,1340.08
8.02827e-05	-70471.93	0,8.75553e-06,2.01571e-05,3.50045e-05,5.43389e-05,7.95165e-05,0.000112303,0.000154999,0.000210597,0.000282998,0.000377281,0.000500056,0.000659937,0.000868136,0.00113926,0.00149231,0.00195207,0.00255077,0.00333041,inf	6030.06,6030.06,5015.43,3824.1,1957.2,1289.7,1485.63,1733.18,1632.22,1320.77,1064.54,931.216,899.3,873.707,820.317,706.712,584.157,1254.26,1254.26
8.52109e-05	-70452.40	0,8.75553e-06,2.01571e-05,3.50045e-05,5.43389e-05,7.95165e-05,0.000112303,0.000154999,0.000210597,0.000282998,0.000377281,0.000500056,0.000659937,0.000868136,0.00113926,0.00149231,0.00195207,0.00255077,0.00333041,inf	6271.01,6271.01,5027.55,3855.59,1881.7,1233.43,1482.01,1771.87,1664.24,1325.9,1056.2,924.196,898.549,872.744,809.149,680.195,548.616,1184.29,1184.29
9.00486e-05	-70435.56	0,8.75553e-06,2.01571e-05,3.50045e-05,5.43389e-05,7.95165e-05,0.000112303,0.000154999,0.000210597,0.000282998,0.000377281,0.000500056,0.000659937,0.000868136,0.00113926,0.00149231,0.00195207,0.00255077,0.00333041,inf	6525.6,6525.6,5023.97,3876.81,1808.15,1184.54,1481.27,1807.79,1691.09,1328.13,1047.97,919.096,900.561,875.439,802.718,659.882,520.241,1126.35,1126.35
9.47863e-05	-70420.85	0,8.75553e-06,2.01571e-05,3.50045e-05,5.43389e-05,7.95165e-05,0.000112303,0.000154999,0.000210597,0.000282998,0.000377281,0.000500056,0.000659937,0.000868136,0.00113926,0.00149231,0.00195207,0.00255077,0.00333041,inf	6787.31,6787.31,5009.27,3890.7,1737.98,1142.48,1483.48,1841.65,1713.57,1327.75,1039.42,914.861,903.925,880.171,799.287,643.884,497.021,1077.91,1077.91
9.94207e-05	-70407.85	0,8.75553e-06,2.01571e-05,3.50045e-05,5.43389e-05,7.95165e-05,0.000112303,0.000154999,0.000210597,0.000282998,0.000377281,0.000500056,0.000659937,0.000868136,0.00113926,0.00149231,0.00195207,0.00255077,0.00333041,inf	7048.86,7048.86,4986.15,3898.71,1671.74,1106.51,1488.51,1874,1732.46,1325.22,1030.49,910.987,907.871,885.99,797.783,630.981,477.625,1037.15,1037.15
0.000103951	-70396.31	0,8.75553e-06,2.01571e-05,3.50045e-05,5.43389e-05,7.95165e-05,0.000112303,0.000154999,0.000210597,0.000282998,0.000377281,0.000500056,0.000659937,0.000868136,0.00113926,0.00149231,0.00195207,0.00255077,0.00333041,inf	7309.07,7309.07,4956.85,3901.81,1609.58,1075.83,1496.11,1905.21,1748.45,1321.01,1021.25,907.239,911.974,892.32,797.517,620.351,461.135,1002.68,1002.68
0.000108379	-70385.99	0,8.75553e-06,2.01571e-05,3.50045e-05,5.43389e-05,7.95165e-05,0.000112303,0.000154999,0.000210597,0.000282998,0.000377281,0.000500056,0.000659937,0.000868136,0.00113926,0.00149231,0.00195207,0.00255077,0.00333041,inf	7565.85,7565.85,4922.83,3900.51,1551.38,1049.71,1505.97,1935.5,1762.05,1315.5,1011.82,903.517,916.005,898.806,798.032,611.421,446.898,973.395,973.395
0.000112707	-70376.72	0,8.75553e-06,2.01571e-05,3.50045e-05,5.43389e-05,7.95165e-05,0.000112303,0.000154999,0.000210597,0.000282998,0.000377281,0.000500056,0.000659937,0.000868136,0.00113926,0.00149231,0.00195207,0.00255077,0.00333041,inf	7818.48,7818.48,4885.25,3895.2,1496.96,1027.49,1517.78,1964.99,1773.69,1309.03,1002.3,899.788,919.844,905.231,799.023,603.78,434.436,948.416,948.416
0.000116935	-70368.35	0,8.75553e-06,2.01571e-05,3.50045e-05,5.43389e-05,7.95165e-05,0.000112303,0.000154999,0.000210597,0.000282998,0.000377281,0.000500056,0.000659937,0.000868136,0.00113926,0.00149231,0.00195207,0.00255077,0.00333041,inf	8067.53,8067.53,4845.04,3886.25,1446.09,1008.62,1531.26,1993.76,1783.67,1301.84,992.786,896.053,923.434,911.463,800.278,597.125,423.393,927.009,927.009
0.000121066	-70360.76	0,8.75553e-06,2.01571e-05,3.50045e-05,5.43389e-05,7.95165e-05,0.000112303,0.000154999,0.000210597,0.000282998,0.000377281,0.000500056,0.000659937,0.000868136,0.00113926,0.00149231,0.00195207,0.00255077,0.00333041,inf	8312.42,8312.42,4802.84,3873.92,1398.5,992.601,1546.15,2021.84,1792.25,1294.12,983.367,892.331,926.759,917.425,801.651,591.235,413.498,908.573,908.573
0.000125103	-70353.85	0,8.75553e-06,2.01571e-05,3.50045e-05,5.43389e-05,7.95165e-05,0.000112303,0.000154999,0.000210597,0.000282998,0.000377281,0.000500056,0.000659937,0.000868136,0.00113926,0.00149231,0.00195207,0.00255077,0.00333041,inf	8554,8554,4759.22,3858.53,1353.98,979.049,1562.21,2049.23,1799.62,1286.05,974.102,888.642,929.823,923.078,803.045,585.941,404.544,892.611,892.611
0.000129048	-70347.53	0,8.75553e-06,2.01571e-05,3.50045e-05,5.43389e-05,7.95165e-05,0.000112303,0.000154999,0.000210597,0.000282998,0.000377281,0.000500056,0.000659937,0.000868136,0.00113926,0.00149231,0.00195207,0.00255077,0.00333041,inf	8791.63,8791.63,4714.57,3840.31,1312.28,967.613,1579.24,2075.95,1805.94,1277.73,965.033,885.01,932.641,928.404,804.395,581.117,396.369,878.711,878.711
0.000132903	-70341.74	0,8.75553e-06,2.01571e-05,3.50045e-05,5.43389e-05,7.95165e-05,0.000112303,0.000154999,0.000210597,0.000282998,0.000377281,0.000500056,0.000659937,0.000868136,0.00113926,0.00149231,0.00195207,0.00255077,0.00333041,inf	9026.43,9026.43,4669.27,3819.58,1273.21,958.017,1597.08,2101.99,1811.33,1269.26,956.2,881.457,935.236,933.404,805.658,576.667,388.846,866.538,866.538
0.000136672	-70336.40	0,8.75553e-06,2.01571e-05,3.50045e-05,5.43389e-05,7.95165e-05,0.000112303,0.000154999,0.000210597,0.000282998,0.000377281,0.000500056,0.000659937,0.000868136,0.00113926,0.00149231,0.00195207,0.00255077,0.00333041,inf	9257.9,9257.9,4623.48,3796.54,1236.56,950.016,1615.57,2127.34,1815.89,1260.72,947.624,877.999,937.634,938.085,806.807,572.516,381.876,855.811,855.811
