0.000183698	-204872.36	0,2.14215e-05,4.93169e-05,8.56427e-05,0.000132947,0.000194547,0.000274763,0.000379223,0.000515251,0.00069239,0.000923063,0.00122345,0.00161462,0.002124,0.00278733,0.00365112,0.00477597,0.00624077,0.00814825,inf	2953.56,2953.56,1849.29,1566.87,1480.43,1438.79,1384.47,1316.42,1244.16,1182.63,1145.74,1139.32,1158.15,1165.56,1136.78,1075.23,965.767,47.7208,47.7208
0.00019554	-204622.06	0,2.14215e-05,4.93169e-05,8.56427e-05,0.000132947,0.000194547,0.000274763,0.000379223,0.000515251,0.00069239,0.000923063,0.00122345,0.00161462,0.002124,0.00278733,0.00365112,0.00477597,0.00624077,0.00814825,inf	3692.93,3692.93,1926.28,1572.16,1501.7,1478.8,1408.87,1299.82,1176.91,1073.92,1014.28,1003.52,1031.16,1042.43,1009.87,967.666,1011.61,24.0597,24.0597
0.000208491	-204530.43	0,2.14215e-05,4.93169e-05,8.56427e-05,0.000132947,0.000194547,0.000274763,0.000379223,0.000515251,0.00069239,0.000923063,0.00122345,0.00161462,0.002124,0.00278733,0.00365112,0.00477597,0.00624077,0.00814825,inf	3961.37,3961.37,1880.22,1535.71,1508.31,1520.99,1449.97,1312.34,1149.73,1015.38,939.583,925.322,956.767,967.866,933.253,909.26,1089.27,45.4448,45.4448
0.000222269	-204435.83	0,2.14215e-05,4.93169e-05,8.56427e-05,0.000132947,0.000194547,0.000274763,0.000379223,0.000515251,0.00069239,0.000923063,0.00122345,0.00161462,0.002124,0.00278733,0.00365112,0.00477597,0.00624077,0.00814825,inf	4069.93,4069.93,1814.22,1497.23,1512.58,1561.81,1495.16,1336.52,1142,983.089,895.116,878.002,910.874,919.393,881.456,868.914,1161.21,30.0677,30.0677
0.000235915	-204392.71	0,2.14215e-05,4.93169e-05,8.56427e-05,0.000132947,0.000194547,0.000274763,0.000379223,0.000515251,0.00069239,0.000923063,0.00122345,0.00161462,0.002124,0.00278733,0.00365112,0.00477597,0.00624077,0.00814825,inf	4116.37,4116.37,1749.72,1461.77,1513.42,1595.25,1534.6,1360.23,1140.13,962.178,865.362,846.475,879.891,884.866,843.483,840.334,1243.07,43.2909,43.2909
0.000249617	-204336.11	0,2.14215e-05,4.93169e-05,8.56427e-05,0.000132947,0.000194547,0.000274763,0.000379223,0.000515251,0.00069239,0.000923063,0.00122345,0.00161462,0.002124,0.00278733,0.00365112,0.00477597,0.00624077,0.00814825,inf	4145.2,4145.2,1695.05,1432.77,1513.82,1623.29,1568.57,1382.09,1141.34,948.453,845.044,824.974,858.225,858.766,813.042,815.119,1304.48,33.8375,33.8375
0.000262978	-204304.95	0,2.14215e-05,4.93169e-05,8.56427e-05,0.000132947,0.000194547,0.000274763,0.000379223,0.000515251,0.00069239,0.000923063,0.00122345,0.00161462,0.002124,0.00278733,0.00365112,0.00477597,0.00624077,0.00814825,inf	4161.64,4161.64,1648.29,1408.6,1513.31,1645.6,1595.81,1399.72,1142.33,937.898,829.863,809.336,842.248,838.214,788.312,794.812,1370.31,41.3214,41.3214
0.000276176	-204265.86	0,2.14215e-05,4.93169e-05,8.56427e-05,0.000132947,0.000194547,0.000274763,0.000379223,0.000515251,0.00069239,0.000923063,0.00122345,0.00161462,0.002124,0.00278733,0.00365112,0.00477597,0.00624077,0.00814825,inf	4174.56,4174.56,1609.73,1389.67,1513.54,1664.54,1618.46,1414.35,1143.28,929.785,818.441,797.833,830.138,821.282,766.984,776.007,1421.01,36.1636,36.1636
0.000289034	-204240.29	0,2.14215e-05,4.93169e-05,8.56427e-05,0.000132947,0.000194547,0.000274763,0.000379223,0.000515251,0.00069239,0.000923063,0.00122345,0.00161462,0.002124,0.00278733,0.00365112,0.00477597,0.00624077,0.00814825,inf	4182.4,4182.4,1577.07,1374.53,1514.17,1680.41,1636.69,1425.66,1143.3,922.794,809.285,788.999,820.642,807.037,748.583,759.741,1472.53,39.5963,39.5963
0.000301656	-204211.52	0,2.14215e-05,4.93169e-05,8.56427e-05,0.000132947,0.000194547,0.000274763,0.000379223,0.000515251,0.00069239,0.000923063,0.00122345,0.00161462,0.002124,0.00278733,0.00365112,0.00477597,0.00624077,0.00814825,inf	4188.3,4188.3,1549.76,1362.94,1515.8,1694.49,1651.93,1434.66,1142.8,916.791,801.907,782.159,813.025,794.681,732.153,744.637,1515.07,37.2847,37.2847
0.000313978	-204189.56	0,2.14215e-05,4.93169e-05,8.56427e-05,0.000132947,0.000194547,0.000274763,0.000379223,0.000515251,0.00069239,0.000923063,0.00122345,0.00161462,0.002124,0.00278733,0.00365112,0.00477597,0.00624077,0.00814825,inf	4191.48,4191.48,1526.4,1354,1518.13,1706.99,1664.5,1441.48,1141.58,911.31,795.717,776.713,806.763,783.808,717.44,731.008,1556.15,38.3218,38.3218
0.000326048	-204167.31	0,2.14215e-05,4.93169e-05,8.56427e-05,0.000132947,0.000194547,0.000274763,0.000379223,0.000515251,0.00069239,0.000923063,0.00122345,0.00161462,0.002124,0.00278733,0.00365112,0.00477597,0.00624077,0.00814825,inf	4193.29,4193.29,1506.41,1347.33,1521.3,1718.48,1675.14,1446.69,1139.87,906.298,790.484,772.342,801.519,774.061,704.034,718.355,1592.28,37.4595,37.4595
0.000337854	-204148.28	0,2.14215e-05,4.93169e-05,8.56427e-05,0.000132947,0.000194547,0.000274763,0.000379223,0.000515251,0.00069239,0.000923063,0.00122345,0.00161462,0.002124,0.00278733,0.00365112,0.00477597,0.00624077,0.00814825,inf	4193.73,4193.73,1489.05,1342.42,1525.11,1729.1,1684.13,1450.48,1137.68,901.595,785.957,768.773,797.044,765.222,691.75,706.672,1626.09,37.4956,37.4956
0.000349417	-204130.17	0,2.14215e-05,4.93169e-05,8.56427e-05,0.000132947,0.000194547,0.000274763,0.000379223,0.000515251,0.00069239,0.000923063,0.00122345,0.00161462,0.002124,0.00278733,0.00365112,0.00477597,0.00624077,0.00814825,inf	4193.31,4193.31,1473.81,1338.97,1529.52,1739.1,1691.85,1453.18,1135.14,897.164,782.004,765.834,793.166,757.118,680.398,695.778,1656.94,37.1097,37.1097
0.000360744	-204113.73	0,2.14215e-05,4.93169e-05,8.56427e-05,0.000132947,0.000194547,0.000274763,0.000379223,0.000515251,0.00069239,0.000923063,0.00122345,0.00161462,0.002124,0.00278733,0.00365112,0.00477597,0.00624077,0.00814825,inf	4192.26,4192.26,1460.3,1336.66,1534.41,1748.58,1698.5,1454.94,1132.3,892.947,778.508,763.39,789.756,749.621,669.846,685.599,1685.59,36.8726,36.8726
0.000371847	-204098.39	0,2.14215e-05,4.93169e-05,8.56427e-05,0.000132947,0.000194547,0.000274763,0.000379223,0.000515251,0.00069239,0.000923063,0.00122345,0.00161462,0.002124,0.00278733,0.00365112,0.00477597,0.00624077,0.00814825,inf	4190.85,4190.85,1448.2,1335.28,1539.72,1757.62,1704.28,1455.94,1129.24,888.92,775.391,761.343,786.721,742.637,659.987,676.046,1712.16,36.5722,36.5722
0.000382735	-204084.15	0,2.14215e-05,4.93169e-05,8.56427e-05,0.000132947,0.000194547,0.000274763,0.000379223,0.000515251,0.00069239,0.000923063,0.00122345,0.00161462,0.002124,0.00278733,0.00365112,0.00477597,0.00624077,0.00814825,inf	4189.22,4189.22,1437.23,1334.64,1545.37,1766.3,1709.32,1456.32,1125.99,885.058,772.589,759.618,783.987,736.088,650.735,667.052,1736.92,36.2827,36.2827
0.000393419	-204070.85	0,2.14215e-05,4.93169e-05,8.56427e-05,0.000132947,0.000194547,0.000274763,0.000379223,0.000515251,0.00069239,0.000923063,0.00122345,0.00161462,0.002124,0.00278733,0.00365112,0.00477597,0.00624077,0.00814825,inf	4187.52,4187.52,1427.19,1334.59,1551.29,1774.65,1713.76,1456.17,1122.6,881.347,770.055,758.155,781.5,729.915,642.019,658.56,1760.05,35.985,35.985
0.000403908	-204058.41	0,2.14215e-05,4.93169e-05,8.56427e-05,0.000132947,0.000194547,0.000274763,0.000379223,0.000515251,0.00069239,0.000923063,0.00122345,0.00161462,0.002124,0.00278733,0.00365112,0.00477597,0.00624077,0.00814825,inf	4185.9,4185.9,1417.93,1335.03,1557.43,1782.73,1717.67,1455.59,1119.11,877.774,767.751,756.911,779.217,724.071,633.781,650.52,1781.72,35.6859,35.6859
0.00041421	-204046.73	0,2.14215e-05,4.93169e-05,8.56427e-05,0.000132947,0.000194547,0.000274763,0.000379223,0.000515251,0.00069239,0.000923063,0.00122345,0.00161462,0.002124,0.00278733,0.00365112,0.00477597,0.00624077,0.00814825,inf	4184.33,4184.33,1409.28,1335.85,1563.75,1790.55,1721.14,1454.63,1115.54,874.329,765.646,755.849,777.104,718.517,625.971,642.888,1802.08,35.3857,35.3857
