time_index	left_time_boundary	right_time_boundary	lambda
0	0	1.64275e-05	6070.63
1	1.64275e-05	3.78198e-05	6070.63
2	3.78198e-05	6.5677e-05	1085.33
3	6.5677e-05	0.000101953	1306.36
4	0.000101953	0.000149193	1610.81
5	0.000149193	0.000210709	1641.42
6	0.000210709	0.000290816	1773.09
7	0.000290816	0.000395132	1691.91
8	0.000395132	0.000530975	1390.58
9	0.000530975	0.000707872	1100.31
10	0.000707872	0.000938229	916.828
11	0.000938229	0.0012382	783.779
12	0.0012382	0.00162884	703.664
13	0.00162884	0.00213753	715.146
14	0.00213753	0.00279995	738.362
15	0.00279995	0.00366256	662.508
16	0.00366256	0.00478588	736.727
17	0.00478588	0.00624867	494650
18	0.00624867	inf	494650
