0.000118815	-200403.18	0,1.4862e-05,3.42156e-05,5.94181e-05,9.22372e-05,0.000134975,0.000190628,0.000263101,0.000357477,0.000480374,0.000640412,0.000848817,0.00112021,0.00147361,0.00193382,0.00253312,0.00331353,0.00432979,0.00565318,inf	3885.94,3885.94,2026.08,1778.38,1685.18,1685.51,1698.98,1706.84,1687.6,1649.07,1609.62,1582.99,1557.55,1562.09,1605.91,1573.79,1358.3,1578.29,1578.29
0.00011983	-200048.62	0,1.4862e-05,3.42156e-05,5.94181e-05,9.22372e-05,0.000134975,0.000190628,0.000263101,0.000357477,0.000480374,0.000640412,0.000848817,0.00112021,0.00147361,0.00193382,0.00253312,0.00331353,0.00432979,0.00565318,inf	5354.18,5354.18,1967.05,1622.01,1505.31,1527.47,1557.78,1572.43,1532.57,1459.46,1390.83,1348.15,1309.52,1313.93,1372.54,1328.56,1072.55,1335.25,1335.25
0.000123129	-199882.69	0,1.4862e-05,3.42156e-05,5.94181e-05,9.22372e-05,0.000134975,0.000190628,0.000263101,0.000357477,0.000480374,0.000640412,0.000848817,0.00112021,0.00147361,0.00193382,0.00253312,0.00331353,0.00432979,0.00565318,inf	6325.76,6325.76,1882.69,1518,1407.76,1459.27,1507.94,1529.89,1469.04,1363.05,1269.28,1213.28,1163.44,1164.73,1228.3,1177.86,912.642,1196.72,1196.72
0.000127547	-199790.85	0,1.4862e-05,3.42156e-05,5.94181e-05,9.22372e-05,0.000134975,0.000190628,0.000263101,0.000357477,0.000480374,0.000640412,0.000848817,0.00112021,0.00147361,0.00193382,0.00253312,0.00331353,0.00432979,0.00565318,inf	6907.65,6907.65,1791.94,1443.39,1350.87,1432.76,1500.34,1530.97,1450.36,1313.93,1198.48,1131.04,1070.74,1067.49,1131.87,1076.44,809.442,1106.43,1106.43
0.000132547	-199731.79	0,1.4862e-05,3.42156e-05,5.94181e-05,9.22372e-05,0.000134975,0.000190628,0.000263101,0.000357477,0.000480374,0.000640412,0.000848817,0.00112021,0.00147361,0.00193382,0.00253312,0.00331353,0.00432979,0.00565318,inf	7239.03,7239.03,1705.44,1386.73,1314.65,1424.73,1510.75,1551.32,1453.07,1289.41,1155.83,1078.88,1008.91,1000.67,1063.97,1003.87,736.689,1041.16,1041.16
0.000137849	-199689.20	0,1.4862e-05,3.42156e-05,5.94181e-05,9.22372e-05,0.000134975,0.000190628,0.000263101,0.000357477,0.000480374,0.000640412,0.000848817,0.00112021,0.00147361,0.00193382,0.00253312,0.00331353,0.00432979,0.00565318,inf	7423.27,7423.27,1627.7,1342.08,1289.63,1424.29,1527.44,1578.6,1465.01,1277.68,1129.47,1044.9,966.15,952.956,1014.35,949.599,682.248,990.178,990.178
0.0001433	-199655.96	0,1.4862e-05,3.42156e-05,5.94181e-05,9.22372e-05,0.000134975,0.000190628,0.000263101,0.000357477,0.000480374,0.000640412,0.000848817,0.00112021,0.00147361,0.00193382,0.00253312,0.00331353,0.00432979,0.00565318,inf	7523.41,7523.41,1559.65,1306.12,1271.31,1426.6,1545.07,1606.81,1479.94,1272.39,1112.81,1022.35,935.749,917.895,977.079,907.654,639.735,948.003,948.003
0.000148809	-199628.59	0,1.4862e-05,3.42156e-05,5.94181e-05,9.22372e-05,0.000134975,0.000190628,0.000263101,0.000357477,0.000480374,0.000640412,0.000848817,0.00112021,0.00147361,0.00193382,0.00253312,0.00331353,0.00432979,0.00565318,inf	7575.42,7575.42,1500.66,1276.82,1257.52,1429.72,1561.53,1633.28,1494.78,1270.16,1102.05,1007.24,913.651,891.529,948.472,874.387,605.467,911.544,911.544
0.000154323	-199605.23	0,1.4862e-05,3.42156e-05,5.94181e-05,9.22372e-05,0.000134975,0.000190628,0.000263101,0.000357477,0.000480374,0.000640412,0.000848817,0.00112021,0.00147361,0.00193382,0.00253312,0.00331353,0.00432979,0.00565318,inf	7599.09,7599.09,1449.57,1252.82,1247.11,1432.97,1576.21,1657.02,1508.12,1269.15,1094.94,997.052,897.297,871.325,926.141,847.456,577.167,878.942,878.942
0.000159807	-199584.76	0,1.4862e-05,3.42156e-05,5.94181e-05,9.22372e-05,0.000134975,0.000190628,0.000263101,0.000357477,0.000480374,0.000640412,0.000848817,0.00112021,0.00147361,0.00193382,0.00253312,0.00331353,0.00432979,0.00565318,inf	7605.55,7605.55,1405.07,1233.11,1239.43,1436.23,1589.14,1677.89,1519.45,1268.42,1090.11,990.2,885.007,855.596,908.471,825.295,553.353,849.011,849.011
0.000165242	-199566.49	0,1.4862e-05,3.42156e-05,5.94181e-05,9.22372e-05,0.000134975,0.000190628,0.000263101,0.000357477,0.000480374,0.000640412,0.000848817,0.00112021,0.00147361,0.00193382,0.00253312,0.00331353,0.00432979,0.00565318,inf	7601.19,7601.19,1366.03,1216.89,1234.04,1439.54,1600.6,1696.09,1528.67,1267.49,1086.71,985.631,875.646,843.185,894.343,806.818,533.014,820.954,820.954
0.000170615	-199549.96	0,1.4862e-05,3.42156e-05,5.94181e-05,9.22372e-05,0.000134975,0.000190628,0.000263101,0.000357477,0.000480374,0.000640412,0.000848817,0.00112021,0.00147361,0.00193382,0.00253312,0.00331353,0.00432979,0.00565318,inf	7589.65,7589.65,1331.42,1203.54,1230.55,1442.98,1610.91,1711.96,1535.91,1266.15,1084.2,982.641,868.433,833.28,882.958,791.255,515.439,794.218,794.218
0.00017592	-199534.85	0,1.4862e-05,3.42156e-05,5.94181e-05,9.22372e-05,0.000134975,0.000190628,0.000263101,0.000357477,0.000480374,0.000640412,0.000848817,0.00112021,0.00147361,0.00193382,0.00253312,0.00331353,0.00432979,0.00565318,inf	7573.46,7573.46,1300.41,1192.53,1228.69,1446.62,1620.36,1725.85,1541.37,1264.33,1082.25,980.747,862.813,825.298,873.74,778.047,500.114,768.402,768.402
0.000181153	-199520.90	0,1.4862e-05,3.42156e-05,5.94181e-05,9.22372e-05,0.000134975,0.000190628,0.000263101,0.000357477,0.000480374,0.000640412,0.000848817,0.00112021,0.00147361,0.00193382,0.00253312,0.00331353,0.00432979,0.00565318,inf	7553.95,7553.95,1272.33,1183.46,1228.18,1450.51,1629.2,1738.1,1545.29,1262.03,1080.65,979.616,858.391,818.813,866.262,766.783,486.66,743.204,743.204
0.000186314	-199507.96	0,1.4862e-05,3.42156e-05,5.94181e-05,9.22372e-05,0.000134975,0.000190628,0.000263101,0.000357477,0.000480374,0.000640412,0.000848817,0.00112021,0.00147361,0.00193382,0.00253312,0.00331353,0.00432979,0.00565318,inf	7532.56,7532.56,1246.64,1175.96,1228.81,1454.68,1637.62,1748.98,1547.89,1259.29,1079.24,979.013,854.879,813.509,860.206,757.153,474.787,718.389,718.389
0.000191403	-199495.86	0,1.4862e-05,3.42156e-05,5.94181e-05,9.22372e-05,0.000134975,0.000190628,0.000263101,0.000357477,0.000480374,0.000640412,0.000848817,0.00112021,0.00147361,0.00193382,0.00253312,0.00331353,0.00432979,0.00565318,inf	7509.86,7509.86,1222.89,1169.76,1230.37,1459.11,1645.75,1758.72,1549.36,1256.17,1077.95,978.773,852.063,809.152,855.334,748.928,464.278,693.772,693.772
0.000196423	-199484.51	0,1.4862e-05,3.42156e-05,5.94181e-05,9.22372e-05,0.000134975,0.000190628,0.000263101,0.000357477,0.000480374,0.000640412,0.000848817,0.00112021,0.00147361,0.00193382,0.00253312,0.00331353,0.00432979,0.00565318,inf	7486.44,7486.44,1200.77,1164.61,1232.71,1463.79,1653.69,1767.52,1549.89,1252.72,1076.72,978.778,849.786,805.562,851.466,741.932,454.964,669.198,669.198
0.000201375	-199473.81	0,1.4862e-05,3.42156e-05,5.94181e-05,9.22372e-05,0.000134975,0.000190628,0.000263101,0.000357477,0.000480374,0.000640412,0.000848817,0.00112021,0.00147361,0.00193382,0.00253312,0.00331353,0.00432979,0.00565318,inf	7462.8,7462.8,1180,1160.35,1235.68,1468.71,1661.52,1775.54,1549.62,1249,1075.5,978.943,847.93,802.605,848.465,736.035,446.713,644.536,644.536
0.000206265	-199463.69	0,1.4862e-05,3.42156e-05,5.94181e-05,9.22372e-05,0.000134975,0.000190628,0.000263101,0.000357477,0.000480374,0.000640412,0.000848817,0.00112021,0.00147361,0.00193382,0.00253312,0.00331353,0.00432979,0.00565318,inf	7439.16,7439.16,1160.35,1156.79,1239.15,1473.84,1669.3,1782.89,1548.68,1245.07,1074.29,979.208,846.404,800.176,846.228,731.141,439.424,619.671,619.671
0.000211096	-199454.09	0,1.4862e-05,3.42156e-05,5.94181e-05,9.22372e-05,0.000134975,0.000190628,0.000263101,0.000357477,0.000480374,0.000640412,0.000848817,0.00112021,0.00147361,0.00193382,0.00253312,0.00331353,0.00432979,0.00565318,inf	7415.87,7415.87,1141.65,1153.83,1243.03,1479.16,1677.05,1789.68,1547.18,1240.96,1073.07,979.528,845.14,798.195,844.68,727.182,433.022,594.504,594.504
