time_index	left_time_boundary	right_time_boundary	lambda
0	0	1.4862e-05	7415.87
1	1.4862e-05	3.42156e-05	7415.87
2	3.42156e-05	5.94181e-05	1141.65
3	5.94181e-05	9.22372e-05	1153.83
4	9.22372e-05	0.000134975	1243.03
5	0.000134975	0.000190628	1479.16
6	0.000190628	0.000263101	1677.05
7	0.000263101	0.000357477	1789.68
8	0.000357477	0.000480374	1547.18
9	0.000480374	0.000640412	1240.96
10	0.000640412	0.000848817	1073.07
11	0.000848817	0.00112021	979.528
12	0.00112021	0.00147361	845.14
13	0.00147361	0.00193382	798.195
14	0.00193382	0.00253312	844.68
15	0.00253312	0.00331353	727.182
16	0.00331353	0.00432979	433.022
17	0.00432979	0.00565318	594.504
18	0.00565318	inf	594.504
