time_index	left_time_boundary	right_time_boundary	lambda
0	0	1.9659e-05	4469.95
1	1.9659e-05	4.52593e-05	4469.95
2	4.52593e-05	7.85965e-05	1863.09
3	7.85965e-05	0.000122009	1510.33
4	0.000122009	0.000178541	1652.47
5	0.000178541	0.000252157	1931.59
6	0.000252157	0.000348023	1901.37
7	0.000348023	0.000472859	1513.14
8	0.000472859	0.000635424	1143.9
9	0.000635424	0.000847119	896.439
10	0.000847119	0.00112279	775.406
11	0.00112279	0.00148177	733.212
12	0.00148177	0.00194925	722.807
13	0.00194925	0.002558	756.208
14	0.002558	0.00335073	693.488
15	0.00335073	0.00438303	516.752
16	0.00438303	0.00572731	507.904
17	0.00572731	0.00747786	887.076
18	0.00747786	inf	887.076
