0.000155317	-284764.07	0,1.85719e-05,4.27566e-05,7.42503e-05,0.000115262,0.000168668,0.000238214,0.000328778,0.000446712,0.000600287,0.000800275,0.0010607,0.00139984,0.00184146,0.00241655,0.00316544,0.00414066,0.00541061,0.00706435,inf	3002.78,3002.78,1809.6,1636.77,1597.05,1567.57,1538.64,1490.8,1434.73,1380.7,1344.39,1322.84,1326.04,1344.56,1338.12,1266.02,1188.14,1233.64,1233.64
0.000160864	-284465.99	0,1.85719e-05,4.27566e-05,7.42503e-05,0.000115262,0.000168668,0.000238214,0.000328778,0.000446712,0.000600287,0.000800275,0.0010607,0.00139984,0.00184146,0.00241655,0.00316544,0.00414066,0.00541061,0.00706435,inf	3849.96,3849.96,1811.12,1605.68,1588.25,1564.78,1530.2,1450.76,1351.53,1255.47,1192.16,1154.25,1156.69,1185.44,1179.98,1088.64,972.652,900.053,900.053
0.00016816	-284307.06	0,1.85719e-05,4.27566e-05,7.42503e-05,0.000115262,0.000168668,0.000238214,0.000328778,0.000446712,0.000600287,0.000800275,0.0010607,0.00139984,0.00184146,0.00241655,0.00316544,0.00414066,0.00541061,0.00706435,inf	4288.93,4288.93,1742.53,1563.45,1588.87,1584.89,1555.93,1454.52,1320.37,1189.68,1104.76,1053.09,1052.95,1087.29,1083.68,985.771,851.86,573.138,573.138
0.000176252	-284202.74	0,1.85719e-05,4.27566e-05,7.42503e-05,0.000115262,0.000168668,0.000238214,0.000328778,0.000446712,0.000600287,0.000800275,0.0010607,0.00139984,0.00184146,0.00241655,0.00316544,0.00414066,0.00541061,0.00706435,inf	4510.75,4510.75,1657.22,1521.93,1591.99,1610.35,1592.13,1475.54,1313.33,1154.06,1051.71,988.444,985.37,1023.18,1021.91,922.428,784.229,160.838,160.838
0.000185608	-284128.78	0,1.85719e-05,4.27566e-05,7.42503e-05,0.000115262,0.000168668,0.000238214,0.000328778,0.000446712,0.000600287,0.000800275,0.0010607,0.00139984,0.00184146,0.00241655,0.00316544,0.00414066,0.00541061,0.00706435,inf	4642.11,4642.11,1578.64,1488.28,1598.37,1637.37,1631.48,1504.15,1319.16,1136.04,1019.52,946.475,940.997,982.951,989.55,901.895,772.985,36.2373,36.2373
0.000194861	-284180.54	0,1.85719e-05,4.27566e-05,7.42503e-05,0.000115262,0.000168668,0.000238214,0.000328778,0.000446712,0.000600287,0.000800275,0.0010607,0.00139984,0.00184146,0.00241655,0.00316544,0.00414066,0.00541061,0.00706435,inf	4725.23,4725.23,1508.93,1460.55,1604.2,1660.3,1666.29,1531.68,1329.13,1127.19,999.735,918.686,911.584,959.559,983.474,934.031,902.307,7.17268,7.17268
0.000202856	-284231.93	0,1.85719e-05,4.27566e-05,7.42503e-05,0.000115262,0.000168668,0.000238214,0.000328778,0.000446712,0.000600287,0.000800275,0.0010607,0.00139984,0.00184146,0.00241655,0.00316544,0.00414066,0.00541061,0.00706435,inf	4762.24,4762.24,1444.26,1435.17,1606.23,1675.86,1692.81,1554.01,1338.92,1122.8,987.289,900.19,892.928,948.077,990.546,985.549,1162.58,1.62727,1.62727
0.000209803	-284210.63	0,1.85719e-05,4.27566e-05,7.42503e-05,0.000115262,0.000168668,0.000238214,0.000328778,0.000446712,0.000600287,0.000800275,0.0010607,0.00139984,0.00184146,0.00241655,0.00316544,0.00414066,0.00541061,0.00706435,inf	4784.13,4784.13,1387.68,1413.97,1606.95,1686.17,1711.79,1569.87,1345.06,1117.51,975.37,882.983,875.242,935.899,995.199,1039.11,1635.3,1.62727,1.62727
0.000216687	-284137.81	0,1.85719e-05,4.27566e-05,7.42503e-05,0.000115262,0.000168668,0.000238214,0.000328778,0.000446712,0.000600287,0.000800275,0.0010607,0.00139984,0.00184146,0.00241655,0.00316544,0.00414066,0.00541061,0.00706435,inf	4801.31,4801.31,1339.19,1397.12,1607.81,1693.67,1726.12,1581.56,1348.59,1111.17,962.857,864.768,854.3,914.667,978.517,1043.94,2072.88,1.62727,1.62727
0.000223534	-284092.75	0,1.85719e-05,4.27566e-05,7.42503e-05,0.000115262,0.000168668,0.000238214,0.000328778,0.000446712,0.000600287,0.000800275,0.0010607,0.00139984,0.00184146,0.00241655,0.00316544,0.00414066,0.00541061,0.00706435,inf	4817.99,4817.99,1297.93,1384.95,1610.4,1700.79,1738.79,1592.1,1352.34,1106.37,952.443,848.691,834.6,892.083,954.945,1028.53,2447.43,1.62727,1.62727
0.000230345	-284060.58	0,1.85719e-05,4.27566e-05,7.42503e-05,0.000115262,0.000168668,0.000238214,0.000328778,0.000446712,0.000600287,0.000800275,0.0010607,0.00139984,0.00184146,0.00241655,0.00316544,0.00414066,0.00541061,0.00706435,inf	4833.02,4833.02,1262.1,1376.44,1614.33,1707.64,1750.17,1601.85,1356.57,1103.31,944.436,835.298,817.296,870.731,930.161,1006.13,2753.36,1.62727,1.62727
0.000237106	-284035.06	0,1.85719e-05,4.27566e-05,7.42503e-05,0.000115262,0.000168668,0.000238214,0.000328778,0.000446712,0.000600287,0.000800275,0.0010607,0.00139984,0.00184146,0.00241655,0.00316544,0.00414066,0.00541061,0.00706435,inf	4845.88,4845.88,1230.4,1370.72,1619.14,1714.05,1760.16,1610.62,1360.95,1101.62,938.49,824.357,802.44,851.322,906.253,982.22,2998.21,1.62727,1.62727
0.000243802	-284013.40	0,1.85719e-05,4.27566e-05,7.42503e-05,0.000115262,0.000168668,0.000238214,0.000328778,0.000446712,0.000600287,0.000800275,0.0010607,0.00139984,0.00184146,0.00241655,0.00316544,0.00414066,0.00541061,0.00706435,inf	4856.46,4856.46,1201.92,1367.22,1624.55,1719.93,1768.73,1618.25,1365.17,1100.87,934.156,815.459,789.752,833.893,883.888,958.886,3195.06,1.62727,1.62727
0.000250423	-283994.30	0,1.85719e-05,4.27566e-05,7.42503e-05,0.000115262,0.000168668,0.000238214,0.000328778,0.000446712,0.000600287,0.000800275,0.0010607,0.00139984,0.00184146,0.00241655,0.00316544,0.00414066,0.00541061,0.00706435,inf	4865.19,4865.19,1176.07,1365.55,1630.44,1725.34,1775.98,1624.69,1369,1100.7,931.035,808.211,778.892,818.258,863.179,936.849,3357.15,1.62727,1.62727
0.000256959	-283977.08	0,1.85719e-05,4.27566e-05,7.42503e-05,0.000115262,0.000168668,0.000238214,0.000328778,0.000446712,0.000600287,0.000800275,0.0010607,0.00139984,0.00184146,0.00241655,0.00316544,0.00414066,0.00541061,0.00706435,inf	4872.39,4872.39,1152.37,1365.4,1636.73,1730.35,1782.04,1629.99,1372.31,1100.86,928.813,802.278,769.543,804.18,844.032,916.279,3495.31,1.62727,1.62727
0.000263405	-283961.35	0,1.85719e-05,4.27566e-05,7.42503e-05,0.000115262,0.000168668,0.000238214,0.000328778,0.000446712,0.000600287,0.000800275,0.0010607,0.00139984,0.00184146,0.00241655,0.00316544,0.00414066,0.00541061,0.00706435,inf	4878.34,4878.34,1130.47,1366.55,1643.38,1735.07,1787.1,1634.26,1375.07,1101.18,927.251,797.393,761.438,791.43,826.293,897.131,3617.41,1.62727,1.62727
0.000269759	-283946.88	0,1.85719e-05,4.27566e-05,7.42503e-05,0.000115262,0.000168668,0.000238214,0.000328778,0.000446712,0.000600287,0.000800275,0.0010607,0.00139984,0.00184146,0.00241655,0.00316544,0.00414066,0.00541061,0.00706435,inf	4883.27,4883.27,1110.07,1368.79,1650.35,1739.58,1791.31,1637.61,1377.28,1101.55,926.172,793.346,754.357,779.805,809.794,879.286,3728.8,1.62727,1.62727
0.000276019	-283933.47	0,1.85719e-05,4.27566e-05,7.42503e-05,0.000115262,0.000168668,0.000238214,0.000328778,0.000446712,0.000600287,0.000800275,0.0010607,0.00139984,0.00184146,0.00241655,0.00316544,0.00414066,0.00541061,0.00706435,inf	4887.38,4887.38,1090.92,1371.95,1657.61,1743.95,1794.84,1640.16,1378.95,1101.89,925.446,789.975,748.123,769.137,794.385,862.612,3833.03,1.62727,1.62727
0.000282185	-283921.01	0,1.85719e-05,4.27566e-05,7.42503e-05,0.000115262,0.000168668,0.000238214,0.000328778,0.000446712,0.000600287,0.000800275,0.0010607,0.00139984,0.00184146,0.00241655,0.00316544,0.00414066,0.00541061,0.00706435,inf	4890.83,4890.83,1072.85,1375.89,1665.1,1748.25,1797.8,1642.03,1380.14,1102.16,924.978,787.151,742.594,759.284,779.932,846.982,3932.4,1.62727,1.62727
0.000288258	-283909.38	0,1.85719e-05,4.27566e-05,7.42503e-05,0.000115262,0.000168668,0.000238214,0.000328778,0.000446712,0.000600287,0.000800275,0.0010607,0.00139984,0.00184146,0.00241655,0.00316544,0.00414066,0.00541061,0.00706435,inf	4893.75,4893.75,1055.68,1380.46,1672.8,1752.49,1800.31,1643.32,1380.89,1102.35,924.699,784.774,737.655,750.13,766.321,832.279,4028.46,1.62727,1.62727
