time_index	left_time_boundary	right_time_boundary	lambda
0	0	2.1992e-05	3844.64
1	2.1992e-05	5.06304e-05	3844.64
2	5.06304e-05	8.79237e-05	1411.31
3	8.79237e-05	0.000136488	1147.78
4	0.000136488	0.000199728	1413.13
5	0.000199728	0.000282081	1731.31
6	0.000282081	0.000389323	1541.06
7	0.000389323	0.000528975	1217.56
8	0.000528975	0.000710831	1003.92
9	0.000710831	0.000947648	820.012
10	0.000947648	0.00125603	701.135
11	0.00125603	0.00165762	672.94
12	0.00165762	0.00218057	682.479
13	0.00218057	0.00286157	680.02
14	0.00286157	0.00374837	774.744
15	0.00374837	0.00490318	1262.37
16	0.00490318	0.00640699	2325.33
17	0.00640699	0.00836527	367380
18	0.00836527	inf	367380
