0.000190201	-209423.76	0,2.1992e-05,5.06304e-05,8.79237e-05,0.000136488,0.000199728,0.000282081,0.000389323,0.000528975,0.000710831,0.000947648,0.00125603,0.00165762,0.00218057,0.00286157,0.00374837,0.00490318,0.00640699,0.00836527,inf	2826.51,2826.51,1794.63,1536.43,1464.49,1416.99,1345.66,1257.59,1179.83,1121.69,1091,1095.93,1128.79,1173.21,1229.01,1278.01,1418.33,1831.45,1831.45
0.000202062	-209199.71	0,2.1992e-05,5.06304e-05,8.79237e-05,0.000136488,0.000199728,0.000282081,0.000389323,0.000528975,0.000710831,0.000947648,0.00125603,0.00165762,0.00218057,0.00286157,0.00374837,0.00490318,0.00640699,0.00836527,inf	3536.54,3536.54,1861.7,1544.24,1500.37,1467.67,1365.54,1220.82,1092.32,997.196,947.064,950.966,996.187,1059.35,1141.9,1224.9,1529.15,2932.07,2932.07
0.000215279	-209086.86	0,2.1992e-05,5.06304e-05,8.79237e-05,0.000136488,0.000199728,0.000282081,0.000389323,0.000528975,0.000710831,0.000947648,0.00125603,0.00165762,0.00218057,0.00286157,0.00374837,0.00490318,0.00640699,0.00836527,inf	3816.45,3816.45,1808.59,1508.85,1520.56,1523.46,1407.35,1221.03,1054.18,930.993,865.792,866.339,915.434,986.368,1083.32,1194.45,1715.85,8548.88,8548.88
0.000215279	-209014.74	0,2.1992e-05,5.06304e-05,8.79237e-05,0.000136488,0.000199728,0.000282081,0.000389323,0.000528975,0.000710831,0.000947648,0.00125603,0.00165762,0.00218057,0.00286157,0.00374837,0.00490318,0.00640699,0.00836527,inf	3844.36,3844.36,1694.05,1435.82,1500.07,1540.4,1421.45,1210.28,1019.38,878.302,803.614,801.345,850.876,923.302,1030.57,1169.33,2010.53,367380,367380
0.000215279	-208989.60	0,2.1992e-05,5.06304e-05,8.79237e-05,0.000136488,0.000199728,0.000282081,0.000389323,0.000528975,0.000710831,0.000947648,0.00125603,0.00165762,0.00218057,0.00286157,0.00374837,0.00490318,0.00640699,0.00836527,inf	3844.38,3844.38,1614.06,1385.41,1492.21,1568.2,1449.79,1211.33,1006.24,848.796,764.809,758.756,804.894,876.843,990.4,1158.37,2105.54,367380,367380
0.000215279	-208973.93	0,2.1992e-05,5.06304e-05,8.79237e-05,0.000136488,0.000199728,0.000282081,0.000389323,0.000528975,0.000710831,0.000947648,0.00125603,0.00165762,0.00218057,0.00286157,0.00374837,0.00490318,0.00640699,0.00836527,inf	3844.4,3844.4,1554.78,1344.95,1484.87,1593.7,1473.47,1211.33,1003.86,832.277,739.869,730.027,772.068,841.74,958.803,1154.27,2170.3,367380,367380
0.000215279	-208964.51	0,2.1992e-05,5.06304e-05,8.79237e-05,0.000136488,0.000199728,0.000282081,0.000389323,0.000528975,0.000710831,0.000947648,0.00125603,0.00165762,0.00218057,0.00286157,0.00374837,0.00490318,0.00640699,0.00836527,inf	3844.4,3844.4,1510.44,1311.52,1477.44,1615.8,1491.44,1211.33,1003.86,823.687,723.729,710.111,748.201,814.222,933.096,1155.17,2215.51,367380,367380
0.000215279	-208958.55	0,2.1992e-05,5.06304e-05,8.79237e-05,0.000136488,0.000199728,0.000282081,0.000389323,0.000528975,0.000710831,0.000947648,0.00125603,0.00165762,0.00218057,0.00286157,0.00374837,0.00490318,0.00640699,0.00836527,inf	3844.41,3844.41,1477.22,1283.37,1470.44,1615.84,1517.52,1213.02,1003.92,820.272,713.466,696.421,730.578,792.171,911.546,1159.99,2246.93,367380,367380
0.000215279	-208954.58	0,2.1992e-05,5.06304e-05,8.79237e-05,0.000136488,0.000199728,0.000282081,0.000389323,0.000528975,0.000710831,0.000947648,0.00125603,0.00165762,0.00218057,0.00286157,0.00374837,0.00490318,0.00640699,0.00836527,inf	3844.42,3844.42,1454.25,1261.28,1464.5,1633.01,1525.82,1213.02,1003.92,820.012,707.076,687.017,717.387,774.088,893.041,1168.08,2268.27,367380,367380
0.000215279	-208951.93	0,2.1992e-05,5.06304e-05,8.79237e-05,0.000136488,0.000199728,0.000282081,0.000389323,0.000528975,0.000710831,0.000947648,0.00125603,0.00165762,0.00218057,0.00286157,0.00374837,0.00490318,0.00640699,0.00836527,inf	3844.44,3844.44,1437.6,1242.47,1458.66,1648.08,1532.01,1213.02,1003.92,820.012,703.352,680.637,707.44,758.96,876.819,1179.05,2282.19,367380,367380
0.000215279	-208950.11	0,2.1992e-05,5.06304e-05,8.79237e-05,0.000136488,0.000199728,0.000282081,0.000389323,0.000528975,0.000710831,0.000947648,0.00125603,0.00165762,0.00218057,0.00286157,0.00374837,0.00490318,0.00640699,0.00836527,inf	3844.46,3844.46,1425.9,1226.29,1453.02,1661.43,1532.01,1216.45,1003.92,820.012,701.559,676.555,699.923,746.077,862.68,1179.05,2300.43,367380,367380
0.000215279	-208948.35	0,2.1992e-05,5.06304e-05,8.79237e-05,0.000136488,0.000199728,0.000282081,0.000389323,0.000528975,0.000710831,0.000947648,0.00125603,0.00165762,0.00218057,0.00286157,0.00374837,0.00490318,0.00640699,0.00836527,inf	3844.49,3844.49,1418.32,1212.56,1447.79,1673.7,1534.52,1216.45,1003.92,820.012,701.135,674.196,694.311,735.015,849.634,1194.31,2304.08,367380,367380
0.000215279	-208947.50	0,2.1992e-05,5.06304e-05,8.79237e-05,0.000136488,0.000199728,0.000282081,0.000389323,0.000528975,0.000710831,0.000947648,0.00125603,0.00165762,0.00218057,0.00286157,0.00374837,0.00490318,0.00640699,0.00836527,inf	3844.5,3844.5,1413.75,1200.56,1442.76,1684.84,1534.52,1217.56,1003.92,820.012,701.135,673.071,690.086,725.28,838.078,1194.32,2317.07,367380,367380
0.000215279	-208946.30	0,2.1992e-05,5.06304e-05,8.79237e-05,0.000136488,0.000199728,0.000282081,0.000389323,0.000528975,0.000710831,0.000947648,0.00125603,0.00165762,0.00218057,0.00286157,0.00374837,0.00490318,0.00640699,0.00836527,inf	3844.51,3844.51,1411.59,1190.06,1437.74,1695.18,1535.04,1217.56,1003.92,820.012,701.135,672.94,687.04,716.723,827.126,1209.2,2317.07,367380,367380
0.000215279	-208945.84	0,2.1992e-05,5.06304e-05,8.79237e-05,0.000136488,0.000199728,0.000282081,0.000389323,0.000528975,0.000710831,0.000947648,0.00125603,0.00165762,0.00218057,0.00286157,0.00374837,0.00490318,0.00640699,0.00836527,inf	3844.53,3844.53,1411.31,1180.7,1433.09,1704.4,1535.04,1217.56,1003.92,820.012,701.135,672.94,684.859,709.021,816.941,1222.55,2317.07,367380,367380
0.000215279	-208945.43	0,2.1992e-05,5.06304e-05,8.79237e-05,0.000136488,0.000199728,0.000282081,0.000389323,0.000528975,0.000710831,0.000947648,0.00125603,0.00165762,0.00218057,0.00286157,0.00374837,0.00490318,0.00640699,0.00836527,inf	3844.56,3844.56,1411.31,1172.32,1428.45,1712.91,1535.04,1217.56,1003.92,820.012,701.135,672.94,683.424,702.053,807.412,1234.62,2317.07,367380,367380
0.000215279	-208945.07	0,2.1992e-05,5.06304e-05,8.79237e-05,0.000136488,0.000199728,0.000282081,0.000389323,0.000528975,0.000710831,0.000947648,0.00125603,0.00165762,0.00218057,0.00286157,0.00374837,0.00490318,0.00640699,0.00836527,inf	3844.57,3844.57,1411.31,1164.75,1424.05,1712.91,1541.06,1217.56,1003.92,820.012,701.135,672.94,682.638,695.722,798.728,1234.62,2325.33,367380,367380
0.000215279	-208944.34	0,2.1992e-05,5.06304e-05,8.79237e-05,0.000136488,0.000199728,0.000282081,0.000389323,0.000528975,0.000710831,0.000947648,0.00125603,0.00165762,0.00218057,0.00286157,0.00374837,0.00490318,0.00640699,0.00836527,inf	3844.59,3844.59,1411.31,1158.44,1420.25,1719.55,1541.06,1217.56,1003.92,820.012,701.135,672.94,682.479,690.025,790.326,1244.51,2325.33,367380,367380
0.000215279	-208944.06	0,2.1992e-05,5.06304e-05,8.79237e-05,0.000136488,0.000199728,0.000282081,0.000389323,0.000528975,0.000710831,0.000947648,0.00125603,0.00165762,0.00218057,0.00286157,0.00374837,0.00490318,0.00640699,0.00836527,inf	3844.63,3844.63,1411.31,1152.81,1416.62,1725.66,1541.06,1217.56,1003.92,820.012,701.135,672.94,682.479,684.805,782.345,1253.71,2325.33,367380,367380
0.000215279	-208943.80	0,2.1992e-05,5.06304e-05,8.79237e-05,0.000136488,0.000199728,0.000282081,0.000389323,0.000528975,0.000710831,0.000947648,0.00125603,0.00165762,0.00218057,0.00286157,0.00374837,0.00490318,0.00640699,0.00836527,inf	3844.64,3844.64,1411.31,1147.78,1413.13,1731.31,1541.06,1217.56,1003.92,820.012,701.135,672.94,682.479,680.02,774.744,1262.37,2325.33,367380,367380
