7.16068e-05	-84618.42	0,9.92638e-06,2.28527e-05,3.96855e-05,6.16055e-05,9.015e-05,0.000127321,0.000175726,0.00023876,0.000320843,0.000427733,0.000566927,0.000748188,0.000984229,0.0012916,0.00169187,0.00221311,0.00289188,0.00377577,inf	3602.05,3602.05,3263.89,2960.63,2423.41,2166.41,2121.81,2110.26,2076.78,2015.59,1942.8,1884.55,1850.36,1812.76,1671.54,1441.12,1354.11,1848.24,1848.24
7.23107e-05	-84138.19	0,9.92638e-06,2.28527e-05,3.96855e-05,6.16055e-05,9.015e-05,0.000127321,0.000175726,0.00023876,0.000320843,0.000427733,0.000566927,0.000748188,0.000984229,0.0012916,0.00169187,0.00221311,0.00289188,0.00377577,inf	3837.59,3837.59,3581.52,3146.65,2185.13,1789.21,1765.61,1775.6,1725.25,1620.65,1505.43,1429.08,1398.88,1372.94,1258.82,1063.29,981.086,1044.04,1044.04
7.6279e-05	-83969.60	0,9.92638e-06,2.28527e-05,3.96855e-05,6.16055e-05,9.015e-05,0.000127321,0.000175726,0.00023876,0.000320843,0.000427733,0.000566927,0.000748188,0.000984229,0.0012916,0.00169187,0.00221311,0.00289188,0.00377577,inf	3900.02,3900.02,3860.69,3397.33,2076.83,1610.87,1635.48,1678.93,1613.67,1465.96,1313.12,1224.74,1200.42,1185.43,1090.89,916.032,840.623,406.344,406.344
8.25645e-05	-83885.15	0,9.92638e-06,2.28527e-05,3.96855e-05,6.16055e-05,9.015e-05,0.000127321,0.000175726,0.00023876,0.000320843,0.000427733,0.000566927,0.000748188,0.000984229,0.0012916,0.00169187,0.00221311,0.00289188,0.00377577,inf	3918.36,3918.36,4078.5,3641.42,2007.81,1513.2,1599.41,1683.9,1604.59,1412.95,1224.76,1127.59,1110.64,1107.57,1030.48,869.849,791.688,224.644,224.644
8.91804e-05	-83893.46	0,9.92638e-06,2.28527e-05,3.96855e-05,6.16055e-05,9.015e-05,0.000127321,0.000175726,0.00023876,0.000320843,0.000427733,0.000566927,0.000748188,0.000984229,0.0012916,0.00169187,0.00221311,0.00289188,0.00377577,inf	3932.17,3932.17,4223.59,3829.11,1934.88,1443.28,1595.61,1723.44,1630.75,1396.84,1177.6,1074.85,1065.95,1075.43,1018.17,878.314,824.25,183.071,183.071
9.57839e-05	-83897.30	0,9.92638e-06,2.28527e-05,3.96855e-05,6.16055e-05,9.015e-05,0.000127321,0.000175726,0.00023876,0.000320843,0.000427733,0.000566927,0.000748188,0.000984229,0.0012916,0.00169187,0.00221311,0.00289188,0.00377577,inf	3959.15,3959.15,4317.45,3959.85,1852.2,1383.58,1600.68,1770.37,1664.32,1390.94,1145.28,1038.9,1036.57,1055.59,1015.42,897.215,879.312,158.172,158.172
0.000102335	-83898.89	0,9.92638e-06,2.28527e-05,3.96855e-05,6.16055e-05,9.015e-05,0.000127321,0.000175726,0.00023876,0.000320843,0.000427733,0.000566927,0.000748188,0.000984229,0.0012916,0.00169187,0.00221311,0.00289188,0.00377577,inf	4005,4005,4384.95,4049.59,1765.82,1331.26,1609.43,1818.02,1698.09,1388.07,1120.13,1011.53,1014.35,1040.13,1014.15,917.467,945.718,138.5,138.5
0.00010882	-83902.06	0,9.92638e-06,2.28527e-05,3.96855e-05,6.16055e-05,9.015e-05,0.000127321,0.000175726,0.00023876,0.000320843,0.000427733,0.000566927,0.000748188,0.000984229,0.0012916,0.00169187,0.00221311,0.00289188,0.00377577,inf	4067.24,4067.24,4440.35,4109.86,1680.26,1285.49,1620.47,1864.53,1730.01,1385.95,1099.27,989.441,996.192,1026.47,1012.06,936.387,1020.82,120.638,120.638
0.000115219	-83909.35	0,9.92638e-06,2.28527e-05,3.96855e-05,6.16055e-05,9.015e-05,0.000127321,0.000175726,0.00023876,0.000320843,0.000427733,0.000566927,0.000748188,0.000984229,0.0012916,0.00169187,0.00221311,0.00289188,0.00377577,inf	4141.92,4141.92,4491.17,4148.19,1598.17,1245.77,1633.45,1909.65,1759.8,1384.04,1081.49,971.127,980.787,1013.75,1008.71,953.444,1105.59,102.482,102.482
0.000121467	-83924.35	0,9.92638e-06,2.28527e-05,3.96855e-05,6.16055e-05,9.015e-05,0.000127321,0.000175726,0.00023876,0.000320843,0.000427733,0.000566927,0.000748188,0.000984229,0.0012916,0.00169187,0.00221311,0.00289188,0.00377577,inf	4225.38,4225.38,4541.19,4169.49,1520.96,1211.63,1648.34,1953.74,1787.89,1382.44,1066.33,955.841,967.551,1001.81,1004.42,969.209,1204.82,81.9797,81.9797
0.000127323	-83953.24	0,9.92638e-06,2.28527e-05,3.96855e-05,6.16055e-05,9.015e-05,0.000127321,0.000175726,0.00023876,0.000320843,0.000427733,0.000566927,0.000748188,0.000984229,0.0012916,0.00169187,0.00221311,0.00289188,0.00377577,inf	4312.08,4312.08,4591.15,4176.38,1449.1,1182.44,1665.03,1997.06,1814.71,1381.32,1053.42,943.028,956.051,990.595,999.644,984.538,1327.05,58.2722,58.2722
0.000132396	-84004.97	0,9.92638e-06,2.28527e-05,3.96855e-05,6.16055e-05,9.015e-05,0.000127321,0.000175726,0.00023876,0.000320843,0.000427733,0.000566927,0.000748188,0.000984229,0.0012916,0.00169187,0.00221311,0.00289188,0.00377577,inf	4397.06,4397.06,4642.08,4171.98,1382.78,1157.58,1683.24,2039.53,1840.17,1380.25,1041.95,931.651,945.223,979.098,993.185,996.923,1477.73,35.6932,35.6932
0.000136444	-84072.84	0,9.92638e-06,2.28527e-05,3.96855e-05,6.16055e-05,9.015e-05,0.000127321,0.000175726,0.00023876,0.000320843,0.000427733,0.000566927,0.000748188,0.000984229,0.0012916,0.00169187,0.00221311,0.00289188,0.00377577,inf	4478.64,4478.64,4699.52,4163.37,1322.62,1136.8,1703.07,2081.3,1864.24,1378.9,1031.19,920.745,933.919,965.784,982.511,1001.94,1664.54,17.8578,17.8578
0.00013927	-84147.38	0,9.92638e-06,2.28527e-05,3.96855e-05,6.16055e-05,9.015e-05,0.000127321,0.000175726,0.00023876,0.000320843,0.000427733,0.000566927,0.000748188,0.000984229,0.0012916,0.00169187,0.00221311,0.00289188,0.00377577,inf	4551.74,4551.74,4765.14,4150.81,1266.23,1117.36,1720.81,2118.18,1883.79,1375.4,1019.78,909.048,920.753,949.018,965.756,997.72,1893.11,8.10221,8.10221
0.000140333	-84169.17	0,9.92638e-06,2.28527e-05,3.96855e-05,6.16055e-05,9.015e-05,0.000127321,0.000175726,0.00023876,0.000320843,0.000427733,0.000566927,0.000748188,0.000984229,0.0012916,0.00169187,0.00221311,0.00289188,0.00377577,inf	4556.76,4556.76,4775,4088.55,1202.27,1090.47,1724.57,2136.51,1888.21,1363.86,1004.82,895.386,906.159,931.488,949.724,999.914,2224.17,25.3761,25.3761
0.000143728	-84042.23	0,9.92638e-06,2.28527e-05,3.96855e-05,6.16055e-05,9.015e-05,0.000127321,0.000175726,0.00023876,0.000320843,0.000427733,0.000566927,0.000748188,0.000984229,0.0012916,0.00169187,0.00221311,0.00289188,0.00377577,inf	4633.7,4633.7,4854.84,4083.07,1154.2,1073.88,1741.58,2170.26,1904.66,1359.56,993.795,883.109,889.523,906.276,916.411,963.757,2280.12,10.0537,10.0537
0.000145443	-84112.82	0,9.92638e-06,2.28527e-05,3.96855e-05,6.16055e-05,9.015e-05,0.000127321,0.000175726,0.00023876,0.000320843,0.000427733,0.000566927,0.000748188,0.000984229,0.0012916,0.00169187,0.00221311,0.00289188,0.00377577,inf	4660.49,4660.49,4896.05,4041.67,1102.51,1053.49,1750.42,2193.36,1913.92,1353.3,983.835,873.331,876.75,887.041,892.498,945.137,2496.12,18.7343,18.7343
0.000148491	-84051.69	0,9.92638e-06,2.28527e-05,3.96855e-05,6.16055e-05,9.015e-05,0.000127321,0.000175726,0.00023876,0.000320843,0.000427733,0.000566927,0.000748188,0.000984229,0.0012916,0.00169187,0.00221311,0.00289188,0.00377577,inf	4725.29,4725.29,4976.91,4029.75,1059.93,1039.18,1767.26,2226.16,1931.35,1352.72,977.749,866.134,864.899,866.062,862.411,910.274,2539.1,7.61836,7.61836
0.000149965	-84095.42	0,9.92638e-06,2.28527e-05,3.96855e-05,6.16055e-05,9.015e-05,0.000127321,0.000175726,0.00023876,0.000320843,0.000427733,0.000566927,0.000748188,0.000984229,0.0012916,0.00169187,0.00221311,0.00289188,0.00377577,inf	4726.81,4726.81,4999.18,3970.85,1011.4,1018.83,1772.31,2243.75,1937.84,1347.84,971.221,860.391,856.168,850.509,841.417,892.583,2749.09,25.4466,25.4466
0.000153504	-83998.34	0,9.92638e-06,2.28527e-05,3.96855e-05,6.16055e-05,9.015e-05,0.000127321,0.000175726,0.00023876,0.000320843,0.000427733,0.000566927,0.000748188,0.000984229,0.0012916,0.00169187,0.00221311,0.00289188,0.00377577,inf	4793.91,4793.91,5080.59,3954.61,973.425,1005.83,1787.59,2273.29,1953.2,1347.99,967.435,855.906,846.829,831.523,812.487,856.223,2686.39,9.52352,9.52352
