time_index	left_time_boundary	right_time_boundary	lambda
0	0	9.92638e-06	4793.91
1	9.92638e-06	2.28527e-05	4793.91
2	2.28527e-05	3.96855e-05	5080.59
3	3.96855e-05	6.16055e-05	3954.61
4	6.16055e-05	9.015e-05	973.425
5	9.015e-05	0.000127321	1005.83
6	0.000127321	0.000175726	1787.59
7	0.000175726	0.00023876	2273.29
8	0.00023876	0.000320843	1953.2
9	0.000320843	0.000427733	1347.99
10	0.000427733	0.000566927	967.435
11	0.000566927	0.000748188	855.906
12	0.000748188	0.000984229	846.829
13	0.000984229	0.0012916	831.523
14	0.0012916	0.00169187	812.487
15	0.00169187	0.00221311	856.223
16	0.00221311	0.00289188	2686.39
17	0.00289188	0.00377577	9.52352
18	0.00377577	inf	9.52352
