0.000179535	-193835.20	0,2.08864e-05,4.8085e-05,8.35034e-05,0.000129626,0.000189687,0.0002679,0.00036975,0.000502381,0.000675095,0.000900005,0.00119289,0.00157428,0.00207094,0.0027177,0.00355992,0.00465667,0.00608488,0.00794471,inf	2393.01,2393.01,1991.82,1724.78,1597.92,1518.79,1438.6,1337.53,1244.39,1176.94,1140,1123.92,1119.89,1129.06,1148.95,1127.42,1028.1,587.56,587.56
0.000190468	-193582.71	0,2.08864e-05,4.8085e-05,8.35034e-05,0.000129626,0.000189687,0.0002679,0.00036975,0.000502381,0.000675095,0.000900005,0.00119289,0.00157428,0.00207094,0.0027177,0.00355992,0.00465667,0.00608488,0.00794471,inf	2783.22,2783.22,2206.83,1817.29,1667.26,1581.71,1470.25,1305.55,1154.37,1049.03,993.478,969.218,961.581,969.529,990.126,962.422,856.611,66.9669,66.9669
0.000204031	-193474.74	0,2.08864e-05,4.8085e-05,8.35034e-05,0.000129626,0.000189687,0.0002679,0.00036975,0.000502381,0.000675095,0.000900005,0.00119289,0.00157428,0.00207094,0.0027177,0.00355992,0.00465667,0.00608488,0.00794471,inf	2906.16,2906.16,2274.07,1832.99,1700.72,1639,1518.95,1308.91,1116.02,984.745,916.654,885.697,872.938,875.572,891.523,862.461,776.293,98.0223,98.0223
0.000218617	-193390.06	0,2.08864e-05,4.8085e-05,8.35034e-05,0.000129626,0.000189687,0.0002679,0.00036975,0.000502381,0.000675095,0.000900005,0.00119289,0.00157428,0.00207094,0.0027177,0.00355992,0.00465667,0.00608488,0.00794471,inf	2937.72,2937.72,2284.87,1817.62,1714.11,1686.78,1569.58,1326.42,1102.78,952.995,876.066,839.848,822.243,819.234,829.602,798.711,722.018,63.8789,63.8789
0.000233298	-193352.71	0,2.08864e-05,4.8085e-05,8.35034e-05,0.000129626,0.000189687,0.0002679,0.00036975,0.000502381,0.000675095,0.000900005,0.00119289,0.00157428,0.00207094,0.0027177,0.00355992,0.00465667,0.00608488,0.00794471,inf	2944.13,2944.13,2275.52,1789.49,1714.05,1721.93,1611.89,1343.88,1097.57,934.781,851.84,811.69,789.887,781.856,788.027,759.083,703.356,97.7718,97.7718
0.000248302	-193290.75	0,2.08864e-05,4.8085e-05,8.35034e-05,0.000129626,0.000189687,0.0002679,0.00036975,0.000502381,0.000675095,0.000900005,0.00119289,0.00157428,0.00207094,0.0027177,0.00355992,0.00465667,0.00608488,0.00794471,inf	2951.91,2951.91,2264.53,1760.68,1709.72,1750.63,1649,1361.65,1098.28,926.047,838.834,795.65,770.104,757.126,758.208,727.554,678.075,69.7517,69.7517
0.000263071	-193269.15	0,2.08864e-05,4.8085e-05,8.35034e-05,0.000129626,0.000189687,0.0002679,0.00036975,0.000502381,0.000675095,0.000900005,0.00119289,0.00157428,0.00207094,0.0027177,0.00355992,0.00465667,0.00608488,0.00794471,inf	2960.68,2960.68,2253.01,1731.87,1701.43,1771.51,1677.27,1374.44,1098.49,919.895,830.07,784.886,756.448,739.563,737.23,707.954,673.663,83.576,83.576
0.000277834	-193225.41	0,2.08864e-05,4.8085e-05,8.35034e-05,0.000129626,0.000189687,0.0002679,0.00036975,0.000502381,0.000675095,0.000900005,0.00119289,0.00157428,0.00207094,0.0027177,0.00355992,0.00465667,0.00608488,0.00794471,inf	2973.42,2973.42,2244.71,1706.38,1693.36,1789.21,1700.9,1385.05,1099.46,916.384,824.876,778.244,747.282,726.682,720.61,690.838,664.673,74.9388,74.9388
0.000292371	-193201.27	0,2.08864e-05,4.8085e-05,8.35034e-05,0.000129626,0.000189687,0.0002679,0.00036975,0.000502381,0.000675095,0.000900005,0.00119289,0.00157428,0.00207094,0.0027177,0.00355992,0.00465667,0.00608488,0.00794471,inf	2987.1,2987.1,2238.31,1683.45,1685.43,1803.71,1719.48,1392.38,1099.47,913.472,821.125,773.633,740.699,717.036,708.052,678.781,663.138,78.6882,78.6882
0.000306761	-193170.09	0,2.08864e-05,4.8085e-05,8.35034e-05,0.000129626,0.000189687,0.0002679,0.00036975,0.000502381,0.000675095,0.000900005,0.00119289,0.00157428,0.00207094,0.0027177,0.00355992,0.00465667,0.00608488,0.00794471,inf	3001.51,3001.51,2234.06,1663.42,1678.7,1816.7,1734.8,1397.65,1099.02,911.128,818.455,770.455,735.855,709.414,697.62,668.29,660.664,77.2239,77.2239
0.000320959	-193145.51	0,2.08864e-05,4.8085e-05,8.35034e-05,0.000129626,0.000189687,0.0002679,0.00036975,0.000502381,0.000675095,0.000900005,0.00119289,0.00157428,0.00207094,0.0027177,0.00355992,0.00465667,0.00608488,0.00794471,inf	3015.7,3015.7,2231.3,1645.8,1673.16,1828.51,1747.34,1401.02,1097.91,908.898,816.31,768.107,732.157,703.307,689.068,659.806,660.015,77.8377,77.8377
0.00033498	-193121.01	0,2.08864e-05,4.8085e-05,8.35034e-05,0.000129626,0.000189687,0.0002679,0.00036975,0.000502381,0.000675095,0.000900005,0.00119289,0.00157428,0.00207094,0.0027177,0.00355992,0.00465667,0.00608488,0.00794471,inf	3029.43,3029.43,2229.7,1630.31,1668.9,1839.62,1757.79,1402.98,1096.28,906.711,814.487,766.291,729.218,698.224,681.746,652.429,659.526,77.7894,77.7894
0.000348826	-193098.80	0,2.08864e-05,4.8085e-05,8.35034e-05,0.000129626,0.000189687,0.0002679,0.00036975,0.000502381,0.000675095,0.000900005,0.00119289,0.00157428,0.00207094,0.0027177,0.00355992,0.00465667,0.00608488,0.00794471,inf	3042.58,3042.58,2228.94,1616.63,1665.84,1850.26,1766.56,1403.79,1094.2,904.492,812.839,764.808,726.804,693.909,675.408,646.004,659.407,77.9135,77.9135
0.000362503	-193077.92	0,2.08864e-05,4.8085e-05,8.35034e-05,0.000129626,0.000189687,0.0002679,0.00036975,0.000502381,0.000675095,0.000900005,0.00119289,0.00157428,0.00207094,0.0027177,0.00355992,0.00465667,0.00608488,0.00794471,inf	3055.16,3055.16,2228.76,1604.46,1663.9,1860.58,1774,1403.71,1091.78,902.225,811.288,763.537,724.753,690.16,669.814,640.278,659.406,77.9914,77.9914
0.000376018	-193058.44	0,2.08864e-05,4.8085e-05,8.35034e-05,0.000129626,0.000189687,0.0002679,0.00036975,0.000502381,0.000675095,0.000900005,0.00119289,0.00157428,0.00207094,0.0027177,0.00355992,0.00465667,0.00608488,0.00794471,inf	3067.27,3067.27,2228.95,1593.59,1662.97,1870.66,1780.34,1402.92,1089.07,899.904,809.788,762.4,722.961,686.843,664.812,635.111,659.464,78.0685,78.0685
0.000389378	-193040.16	0,2.08864e-05,4.8085e-05,8.35034e-05,0.000129626,0.000189687,0.0002679,0.00036975,0.000502381,0.000675095,0.000900005,0.00119289,0.00157428,0.00207094,0.0027177,0.00355992,0.00465667,0.00608488,0.00794471,inf	3078.99,3078.99,2229.34,1583.8,1662.93,1880.56,1785.79,1401.58,1086.15,897.538,808.316,761.35,721.355,683.864,660.285,630.391,659.523,78.1358,78.1358
0.000402592	-193022.98	0,2.08864e-05,4.8085e-05,8.35034e-05,0.000129626,0.000189687,0.0002679,0.00036975,0.000502381,0.000675095,0.000900005,0.00119289,0.00157428,0.00207094,0.0027177,0.00355992,0.00465667,0.00608488,0.00794471,inf	3090.42,3090.42,2229.82,1574.94,1663.69,1890.31,1790.48,1399.78,1083.06,895.137,806.861,760.357,719.887,681.153,656.15,626.038,659.553,78.1935,78.1935
0.000415664	-193006.80	0,2.08864e-05,4.8085e-05,8.35034e-05,0.000129626,0.000189687,0.0002679,0.00036975,0.000502381,0.000675095,0.000900005,0.00119289,0.00157428,0.00207094,0.0027177,0.00355992,0.00465667,0.00608488,0.00794471,inf	3101.69,3101.69,2230.28,1566.89,1665.16,1899.9,1794.54,1397.63,1079.84,892.711,805.417,759.401,718.522,678.659,652.34,621.993,659.539,78.2408,78.2408
0.000428603	-192991.53	0,2.08864e-05,4.8085e-05,8.35034e-05,0.000129626,0.000189687,0.0002679,0.00036975,0.000502381,0.000675095,0.000900005,0.00119289,0.00157428,0.00207094,0.0027177,0.00355992,0.00465667,0.00608488,0.00794471,inf	3112.84,3112.84,2230.66,1559.53,1667.24,1909.36,1798.04,1395.18,1076.54,890.272,803.982,758.472,717.239,676.345,648.807,618.21,659.472,78.2769,78.2769
0.000441414	-192977.08	0,2.08864e-05,4.8085e-05,8.35034e-05,0.000129626,0.000189687,0.0002679,0.00036975,0.000502381,0.000675095,0.000900005,0.00119289,0.00157428,0.00207094,0.0027177,0.00355992,0.00465667,0.00608488,0.00794471,inf	3123.97,3123.97,2230.89,1552.78,1669.88,1918.68,1801.07,1392.51,1073.17,887.829,802.559,757.562,716.019,674.182,645.511,614.652,659.353,78.3012,78.3012
