time_index	left_time_boundary	right_time_boundary	lambda
0	0	2.08864e-05	3123.97
1	2.08864e-05	4.8085e-05	3123.97
2	4.8085e-05	8.35034e-05	2230.89
3	8.35034e-05	0.000129626	1552.78
4	0.000129626	0.000189687	1669.88
5	0.000189687	0.0002679	1918.68
6	0.0002679	0.00036975	1801.07
7	0.00036975	0.000502381	1392.51
8	0.000502381	0.000675095	1073.17
9	0.000675095	0.000900005	887.829
10	0.000900005	0.00119289	802.559
11	0.00119289	0.00157428	757.562
12	0.00157428	0.00207094	716.019
13	0.00207094	0.0027177	674.182
14	0.0027177	0.00355992	645.511
15	0.00355992	0.00465667	614.652
16	0.00465667	0.00608488	659.353
17	0.00608488	0.00794471	78.3012
18	0.00794471	inf	78.3012
