0.00019114	-215567.83	0,2.23683e-05,5.14967e-05,8.94282e-05,0.000138823,0.000203146,0.000286908,0.000395985,0.000538026,0.000722995,0.000963863,0.00127753,0.00168598,0.00221788,0.00291053,0.00381251,0.00498708,0.00651662,0.00850841,inf	2913.46,2913.46,1801.33,1510.39,1446.3,1434.14,1383.13,1301.95,1218.08,1147.04,1102.16,1078.08,1073.59,1101.59,1161.72,1219.12,1380.26,1870.38,1870.38
0.000200892	-215358.13	0,2.23683e-05,5.14967e-05,8.94282e-05,0.000138823,0.000203146,0.000286908,0.000395985,0.000538026,0.000722995,0.000963863,0.00127753,0.00168598,0.00221788,0.00291053,0.00381251,0.00498708,0.00651662,0.00850841,inf	3647.66,3647.66,1859.62,1488.42,1458.14,1493.18,1431.34,1298.22,1156.49,1039.65,969.537,933.367,927.391,966.325,1045.43,1125.68,1422.38,3039.52,3039.52
0.000212234	-215254.05	0,2.23683e-05,5.14967e-05,8.94282e-05,0.000138823,0.000203146,0.000286908,0.000395985,0.000538026,0.000722995,0.000963863,0.00127753,0.00168598,0.00221788,0.00291053,0.00381251,0.00498708,0.00651662,0.00850841,inf	3931.42,3931.42,1801.39,1426.18,1449.59,1545.77,1488.06,1317.27,1131.42,981.391,894.43,849.936,841.52,883.406,966.509,1055.15,1472.47,9139.09,9139.09
0.000212234	-215188.44	0,2.23683e-05,5.14967e-05,8.94282e-05,0.000138823,0.000203146,0.000286908,0.000395985,0.000538026,0.000722995,0.000963863,0.00127753,0.00168598,0.00221788,0.00291053,0.00381251,0.00498708,0.00651662,0.00850841,inf	3972.48,3972.48,1694.1,1338.99,1409.24,1559.68,1512.02,1318.24,1104.08,933.838,837.643,788.518,778.187,818.85,899.148,992.139,1522.81,361687,361687
0.000212234	-215163.71	0,2.23683e-05,5.14967e-05,8.94282e-05,0.000138823,0.000203146,0.000286908,0.000395985,0.000538026,0.000722995,0.000963863,0.00127753,0.00168598,0.00221788,0.00291053,0.00381251,0.00498708,0.00651662,0.00850841,inf	3972.53,3972.53,1622.9,1276.95,1382.82,1581.98,1546.65,1331.05,1095.42,907.776,803.749,749.975,734.771,772.539,848.293,941.364,1578.76,361742,361742
0.000212234	-215150.29	0,2.23683e-05,5.14967e-05,8.94282e-05,0.000138823,0.000203146,0.000286908,0.000395985,0.000538026,0.000722995,0.000963863,0.00127753,0.00168598,0.00221788,0.00291053,0.00381251,0.00498708,0.00651662,0.00850841,inf	3972.53,3972.53,1575.63,1228.38,1359.8,1601.42,1579.74,1334.11,1094.91,893.335,783.33,724.809,705.943,739.31,808.624,898.996,1634.24,361772,361772
0.000212234	-215142.86	0,2.23683e-05,5.14967e-05,8.94282e-05,0.000138823,0.000203146,0.000286908,0.000395985,0.000538026,0.000722995,0.000963863,0.00127753,0.00168598,0.00221788,0.00291053,0.00381251,0.00498708,0.00651662,0.00850841,inf	3972.56,3972.56,1545.12,1189.24,1338.82,1618.08,1607.66,1334.11,1094.91,885.952,771.434,709.045,686.09,714.92,776.775,862.716,1690.76,361784,361784
0.000212234	-215138.54	0,2.23683e-05,5.14967e-05,8.94282e-05,0.000138823,0.000203146,0.000286908,0.000395985,0.000538026,0.000722995,0.000963863,0.00127753,0.00168598,0.00221788,0.00291053,0.00381251,0.00498708,0.00651662,0.00850841,inf	3972.58,3972.58,1526.93,1157.23,1319.52,1632.73,1628.61,1334.11,1094.91,882.996,765.056,699.341,672.59,696.731,750.602,831.018,1747.56,361784,361784
0.000212234	-215135.89	0,2.23683e-05,5.14967e-05,8.94282e-05,0.000138823,0.000203146,0.000286908,0.000395985,0.000538026,0.000722995,0.000963863,0.00127753,0.00168598,0.00221788,0.00291053,0.00381251,0.00498708,0.00651662,0.00850841,inf	3972.64,3972.64,1518.03,1130.77,1300.96,1646.11,1644.11,1334.3,1094.91,882.689,762.15,693.711,663.487,683.001,728.663,803.193,1747.56,361819,361819
0.000212234	-215133.50	0,2.23683e-05,5.14967e-05,8.94282e-05,0.000138823,0.000203146,0.000286908,0.000395985,0.000538026,0.000722995,0.000963863,0.00127753,0.00168598,0.00221788,0.00291053,0.00381251,0.00498708,0.00651662,0.00850841,inf	3972.64,3972.64,1516.2,1108.75,1284.8,1658.06,1655.08,1334.3,1094.91,882.689,761.399,690.837,657.534,672.646,710.07,777.842,1785.67,361819,361819
0.000212234	-215132.13	0,2.23683e-05,5.14967e-05,8.94282e-05,0.000138823,0.000203146,0.000286908,0.000395985,0.000538026,0.000722995,0.000963863,0.00127753,0.00168598,0.00221788,0.00291053,0.00381251,0.00498708,0.00651662,0.00850841,inf	3972.64,3972.64,1516.2,1090.05,1269.49,1668.88,1664.26,1334.3,1094.91,882.689,761.399,689.809,653.81,664.785,694.039,754.792,1817.81,361819,361819
0.000212234	-215131.05	0,2.23683e-05,5.14967e-05,8.94282e-05,0.000138823,0.000203146,0.000286908,0.000395985,0.000538026,0.000722995,0.000963863,0.00127753,0.00168598,0.00221788,0.00291053,0.00381251,0.00498708,0.00651662,0.00850841,inf	3972.66,3972.66,1516.2,1074.16,1255.46,1679.16,1671.84,1334.3,1094.91,882.689,761.399,689.809,651.729,658.859,680.074,733.642,1845.7,361819,361819
0.000212234	-215130.15	0,2.23683e-05,5.14967e-05,8.94282e-05,0.000138823,0.000203146,0.000286908,0.000395985,0.000538026,0.000722995,0.000963863,0.00127753,0.00168598,0.00221788,0.00291053,0.00381251,0.00498708,0.00651662,0.00850841,inf	3972.67,3972.67,1516.2,1060.66,1242.57,1688.97,1678.02,1334.3,1094.91,882.689,761.399,689.809,650.891,654.471,667.805,714.093,1870.22,361819,361819
0.000212234	-215129.39	0,2.23683e-05,5.14967e-05,8.94282e-05,0.000138823,0.000203146,0.000286908,0.000395985,0.000538026,0.000722995,0.000963863,0.00127753,0.00168598,0.00221788,0.00291053,0.00381251,0.00498708,0.00651662,0.00850841,inf	3972.68,3972.68,1516.2,1049.2,1230.51,1698.49,1683,1334.3,1094.91,882.689,761.399,689.809,650.891,651.336,656.956,696.037,1870.22,361836,361836
0.000212234	-215128.50	0,2.23683e-05,5.14967e-05,8.94282e-05,0.000138823,0.000203146,0.000286908,0.000395985,0.000538026,0.000722995,0.000963863,0.00127753,0.00168598,0.00221788,0.00291053,0.00381251,0.00498708,0.00651662,0.00850841,inf	3972.69,3972.69,1516.2,1039.51,1219.45,1707.58,1686.94,1334.3,1094.91,882.689,761.399,689.809,650.891,649.285,647.36,679.153,1870.22,361851,361851
0.000212234	-215127.71	0,2.23683e-05,5.14967e-05,8.94282e-05,0.000138823,0.000203146,0.000286908,0.000395985,0.000538026,0.000722995,0.000963863,0.00127753,0.00168598,0.00221788,0.00291053,0.00381251,0.00498708,0.00651662,0.00850841,inf	3972.7,3972.7,1516.2,1031.31,1209.12,1716.36,1689.99,1334.3,1094.91,882.689,761.399,689.809,650.891,648.159,638.847,663.207,1888,361851,361851
0.000212234	-215127.21	0,2.23683e-05,5.14967e-05,8.94282e-05,0.000138823,0.000203146,0.000286908,0.000395985,0.000538026,0.000722995,0.000963863,0.00127753,0.00168598,0.00221788,0.00291053,0.00381251,0.00498708,0.00651662,0.00850841,inf	3972.7,3972.7,1516.2,1024.38,1199.44,1724.89,1689.99,1334.3,1096.26,882.689,761.399,689.809,650.891,647.789,631.235,648.197,1904.18,361851,361851
0.000212234	-215126.75	0,2.23683e-05,5.14967e-05,8.94282e-05,0.000138823,0.000203146,0.000286908,0.000395985,0.000538026,0.000722995,0.000963863,0.00127753,0.00168598,0.00221788,0.00291053,0.00381251,0.00498708,0.00651662,0.00850841,inf	3972.71,3972.71,1516.2,1018.69,1190.37,1733.51,1690.03,1335.28,1096.26,882.689,761.399,689.809,650.891,647.789,624.413,634.106,1904.18,361862,361862
0.000212234	-215126.18	0,2.23683e-05,5.14967e-05,8.94282e-05,0.000138823,0.000203146,0.000286908,0.000395985,0.000538026,0.000722995,0.000963863,0.00127753,0.00168598,0.00221788,0.00291053,0.00381251,0.00498708,0.00651662,0.00850841,inf	3972.72,3972.72,1516.2,1013.88,1181.81,1733.65,1697.16,1335.28,1096.26,882.689,761.399,689.809,650.891,647.789,618.339,620.691,1918.06,361862,361862
0.000212234	-215125.81	0,2.23683e-05,5.14967e-05,8.94282e-05,0.000138823,0.000203146,0.000286908,0.000395985,0.000538026,0.000722995,0.000963863,0.00127753,0.00168598,0.00221788,0.00291053,0.00381251,0.00498708,0.00651662,0.00850841,inf	3972.73,3972.73,1516.2,1010.36,1174.14,1741.61,1697.16,1335.28,1096.26,882.689,761.399,689.809,650.891,647.789,612.911,607.971,1931.03,361862,361862
