time_index	left_time_boundary	right_time_boundary	lambda
0	0	1.41737e-05	7807.66
1	1.41737e-05	3.26308e-05	7807.66
2	3.26308e-05	5.6666e-05	1331.98
3	5.6666e-05	8.79651e-05	1490.67
4	8.79651e-05	0.000128723	1453.7
5	0.000128723	0.000181799	1750.73
6	0.000181799	0.000250915	1998.8
7	0.000250915	0.00034092	2051.61
8	0.00034092	0.000458125	1662.95
9	0.000458125	0.000610751	1314.67
10	0.000610751	0.000809503	1108.45
11	0.000809503	0.00106832	968.517
12	0.00106832	0.00140536	807.082
13	0.00140536	0.00184425	735.853
14	0.00184425	0.00241579	819.635
15	0.00241579	0.00316005	946.861
16	0.00316005	0.00412925	876.134
17	0.00412925	0.00539134	189.116
18	0.00539134	inf	189.116
