time_index	left_time_boundary	right_time_boundary	lambda
0	0	2.65704e-05	2623.79
1	2.65704e-05	6.11708e-05	2623.79
2	6.11708e-05	0.000106228	710.353
3	0.000106228	0.000164902	1019.04
4	0.000164902	0.000241309	1519.54
5	0.000241309	0.000340806	1710.09
6	0.000340806	0.000470374	1537.33
7	0.000470374	0.000639099	1207.99
8	0.000639099	0.000858815	903.634
9	0.000858815	0.00114493	748.977
10	0.00114493	0.00151752	716.56
11	0.00151752	0.00200271	761.618
12	0.00200271	0.00263453	756.277
13	0.00263453	0.0034573	624.929
14	0.0034573	0.00452872	471.264
15	0.00452872	0.00592394	415.375
16	0.00592394	0.00774082	601.299
17	0.00774082	0.0101068	1380.97
18	0.0101068	inf	1380.97
