0.000230316	-256660.60	0,2.65704e-05,6.11708e-05,0.000106228,0.000164902,0.000241309,0.000340806,0.000470374,0.000639099,0.000858815,0.00114493,0.00151752,0.00200271,0.00263453,0.0034573,0.00452872,0.00592394,0.00774082,0.0101068,inf	1881.73,1881.73,1267.72,1217.78,1253.33,1251.54,1200.85,1129.54,1058.14,1004.13,973.316,968.424,967.484,940.98,894.409,878.301,1051.71,1577.72,1577.72
0.000243986	-256469.59	0,2.65704e-05,6.11708e-05,0.000106228,0.000164902,0.000241309,0.000340806,0.000470374,0.000639099,0.000858815,0.00114493,0.00151752,0.00200271,0.00263453,0.0034573,0.00452872,0.00592394,0.00774082,0.0101068,inf	2220.9,2220.9,1219.84,1197.28,1302.89,1331.16,1257.61,1138.47,1017.78,930.131,883.031,877.313,875.712,833.771,766.31,748.066,981.874,2041.87,2041.87
0.000259103	-256364.23	0,2.65704e-05,6.11708e-05,0.000106228,0.000164902,0.000241309,0.000340806,0.000470374,0.000639099,0.000858815,0.00114493,0.00151752,0.00200271,0.00263453,0.0034573,0.00452872,0.00592394,0.00774082,0.0101068,inf	2371.66,2371.66,1137.37,1156.77,1329.6,1394.03,1309.7,1155.72,998.325,887.748,831.23,826.317,823.759,770.164,689.44,669.5,927.075,2591.35,2591.35
0.000274793	-256294.93	0,2.65704e-05,6.11708e-05,0.000106228,0.000164902,0.000241309,0.000340806,0.000470374,0.000639099,0.000858815,0.00114493,0.00151752,0.00200271,0.00263453,0.0034573,0.00452872,0.00592394,0.00774082,0.0101068,inf	2450.08,2450.08,1060.47,1118.26,1346.87,1444.34,1354.46,1174.02,988.544,861.842,799.993,796.924,793.362,729.918,638.958,616.681,883.132,3313.69,3313.69
0.0002906	-256243.53	0,2.65704e-05,6.11708e-05,0.000106228,0.000164902,0.000241309,0.000340806,0.000470374,0.000639099,0.000858815,0.00114493,0.00151752,0.00200271,0.00263453,0.0034573,0.00452872,0.00592394,0.00774082,0.0101068,inf	2498.75,2498.75,996.502,1086.4,1359.61,1484.47,1391.07,1189.96,982.711,844.62,780.154,779.666,775.215,703.098,603.529,578.491,846.828,4169.07,4169.07
0.000306287	-256202.34	0,2.65704e-05,6.11708e-05,0.000106228,0.000164902,0.000241309,0.000340806,0.000470374,0.000639099,0.000858815,0.00114493,0.00151752,0.00200271,0.00263453,0.0034573,0.00452872,0.00592394,0.00774082,0.0101068,inf	2532.74,2532.74,944.799,1061.43,1370.25,1516.72,1420.25,1202.52,978.192,832.102,766.882,769.47,764.303,684.442,577.378,549.417,815.997,3681.64,3681.64
0.000321752	-256167.07	0,2.65704e-05,6.11708e-05,0.000106228,0.000164902,0.000241309,0.000340806,0.000470374,0.000639099,0.000858815,0.00114493,0.00151752,0.00200271,0.00263453,0.0034573,0.00452872,0.00592394,0.00774082,0.0101068,inf	2557.94,2557.94,903.187,1042.5,1380.15,1543.16,1443.37,1211.83,973.897,822.256,757.568,763.55,757.873,671.103,557.457,526.586,789.121,3057.52,3057.52
0.000336939	-256136.30	0,2.65704e-05,6.11708e-05,0.000106228,0.000164902,0.000241309,0.000340806,0.000470374,0.000639099,0.000858815,0.00114493,0.00151752,0.00200271,0.00263453,0.0034573,0.00452872,0.00592394,0.00774082,0.0101068,inf	2576.92,2576.92,869.504,1028.54,1389.96,1565.34,1461.7,1218.33,969.396,813.978,750.699,760.249,754.25,661.321,541.872,508.2,765.378,2682.28,2682.28
0.000351818	-256109.17	0,2.65704e-05,6.11708e-05,0.000106228,0.000164902,0.000241309,0.000340806,0.000470374,0.000639099,0.000858815,0.00114493,0.00151752,0.00200271,0.00263453,0.0034573,0.00452872,0.00592394,0.00774082,0.0101068,inf	2591.19,2591.19,841.987,1018.57,1400,1584.39,1476.32,1222.56,964.562,806.66,745.376,758.547,752.371,653.95,529.373,493.055,744.2,2421.59,2421.59
0.000366381	-256084.91	0,2.65704e-05,6.11708e-05,0.000106228,0.000164902,0.000241309,0.000340806,0.000470374,0.000639099,0.000858815,0.00114493,0.00151752,0.00200271,0.00263453,0.0034573,0.00452872,0.00592394,0.00774082,0.0101068,inf	2601.78,2601.78,819.263,1011.75,1410.34,1601.12,1488.09,1224.99,959.412,799.973,741.059,757.821,751.578,648.255,519.145,480.352,725.145,2225.22,2225.22
0.000380627	-256063.00	0,2.65704e-05,6.11708e-05,0.000106228,0.000164902,0.000241309,0.000340806,0.000470374,0.000639099,0.000858815,0.00114493,0.00151752,0.00200271,0.00263453,0.0034573,0.00452872,0.00592394,0.00774082,0.0101068,inf	2609.5,2609.5,800.282,1007.4,1420.98,1616.07,1497.66,1226.03,954.012,793.735,737.421,757.686,751.453,643.753,510.632,469.536,707.87,2069.72,2069.72
0.000394564	-256043.06	0,2.65704e-05,6.11708e-05,0.000106228,0.000164902,0.000241309,0.000340806,0.000470374,0.000639099,0.000858815,0.00114493,0.00151752,0.00200271,0.00263453,0.0034573,0.00452872,0.00592394,0.00774082,0.0101068,inf	2614.99,2614.99,784.237,1004.99,1431.87,1629.64,1505.54,1226,948.439,787.842,734.255,757.899,751.728,640.116,503.448,460.213,692.106,1942.32,1942.32
0.000408204	-256024.79	0,2.65704e-05,6.11708e-05,0.000106228,0.000164902,0.000241309,0.000340806,0.000470374,0.000639099,0.000858815,0.00114493,0.00151752,0.00200271,0.00263453,0.0034573,0.00452872,0.00592394,0.00774082,0.0101068,inf	2618.77,2618.77,770.515,1004.08,1442.92,1642.1,1512.08,1225.15,942.759,782.234,731.43,758.305,752.23,637.118,497.312,452.09,677.638,1835.33,1835.33
0.000421557	-256007.98	0,2.65704e-05,6.11708e-05,0.000106228,0.000164902,0.000241309,0.000340806,0.000470374,0.000639099,0.000858815,0.00114493,0.00151752,0.00200271,0.00263453,0.0034573,0.00452872,0.00592394,0.00774082,0.0101068,inf	2621.27,2621.27,758.639,1004.34,1454.04,1653.65,1517.57,1223.68,937.033,776.875,728.86,758.808,752.846,634.6,492.017,444.949,664.292,1743.79,1743.79
0.000434637	-255992.43	0,2.65704e-05,6.11708e-05,0.000106228,0.000164902,0.000241309,0.000340806,0.000470374,0.000639099,0.000858815,0.00114493,0.00151752,0.00200271,0.00263453,0.0034573,0.00452872,0.00592394,0.00774082,0.0101068,inf	2622.82,2622.82,748.246,1005.5,1465.19,1664.45,1522.22,1221.73,931.306,771.741,726.488,759.344,753.502,632.447,487.408,438.62,651.927,1664.28,1664.28
0.000447455	-255978.00	0,2.65704e-05,6.11708e-05,0.000106228,0.000164902,0.000241309,0.000340806,0.000470374,0.000639099,0.000858815,0.00114493,0.00151752,0.00200271,0.00263453,0.0034573,0.00452872,0.00592394,0.00774082,0.0101068,inf	2623.69,2623.69,739.047,1007.36,1476.3,1674.59,1526.18,1219.42,925.615,766.815,724.275,759.876,754.154,630.579,483.365,432.972,640.425,1594.38,1594.38
0.000460025	-255964.55	0,2.65704e-05,6.11708e-05,0.000106228,0.000164902,0.000241309,0.000340806,0.000470374,0.000639099,0.000858815,0.00114493,0.00151752,0.00200271,0.00263453,0.0034573,0.00452872,0.00592394,0.00774082,0.0101068,inf	2624.08,2624.08,730.817,1009.76,1487.32,1684.16,1529.59,1216.83,919.984,762.086,722.192,760.381,754.772,628.933,479.797,427.9,629.688,1532.3,1532.3
0.000472357	-255951.99	0,2.65704e-05,6.11708e-05,0.000106228,0.000164902,0.000241309,0.000340806,0.000470374,0.000639099,0.000858815,0.00114493,0.00151752,0.00200271,0.00263453,0.0034573,0.00452872,0.00592394,0.00774082,0.0101068,inf	2624.14,2624.14,723.378,1012.56,1498.21,1693.23,1532.53,1214.02,914.436,757.542,720.221,760.843,755.337,627.464,476.628,423.32,619.633,1476.7,1476.7
0.000484464	-255940.22	0,2.65704e-05,6.11708e-05,0.000106228,0.000164902,0.000241309,0.000340806,0.000470374,0.000639099,0.000858815,0.00114493,0.00151752,0.00200271,0.00263453,0.0034573,0.00452872,0.00592394,0.00774082,0.0101068,inf	2624.02,2624.02,716.596,1015.69,1508.96,1701.86,1535.09,1211.07,908.983,753.175,718.347,761.257,755.84,626.138,473.799,419.164,610.19,1426.53,1426.53
0.000496355	-255929.16	0,2.65704e-05,6.11708e-05,0.000106228,0.000164902,0.000241309,0.000340806,0.000470374,0.000639099,0.000858815,0.00114493,0.00151752,0.00200271,0.00263453,0.0034573,0.00452872,0.00592394,0.00774082,0.0101068,inf	2623.79,2623.79,710.353,1019.04,1519.54,1710.09,1537.33,1207.99,903.634,748.977,716.56,761.618,756.277,624.929,471.264,415.375,601.299,1380.97,1380.97
