0.000164489	-188156.52	0,1.9355e-05,4.45595e-05,7.73811e-05,0.000120122,0.00017578,0.000248258,0.000342641,0.000465547,0.000625598,0.000834019,0.00110543,0.00145886,0.00191911,0.00251845,0.00329892,0.00431526,0.00563875,0.00736223,inf	3782.57,3782.57,2452.91,1905.6,1659.6,1523.56,1442.68,1386.3,1331.73,1285.38,1261.25,1257.86,1271.78,1299.76,1326.31,1296.64,1200.44,1455.12,1455.12
0.000172802	-187937.32	0,1.9355e-05,4.45595e-05,7.73811e-05,0.000120122,0.00017578,0.000248258,0.000342641,0.000465547,0.000625598,0.000834019,0.00110543,0.00145886,0.00191911,0.00251845,0.00329892,0.00431526,0.00563875,0.00736223,inf	4812.78,4812.78,2767,1983.88,1678.81,1508.75,1405.53,1327.6,1238.76,1159.05,1114.75,1101.74,1115.59,1153.81,1193.98,1146.4,1000.69,1303.32,1303.32
0.000182705	-187832.63	0,1.9355e-05,4.45595e-05,7.73811e-05,0.000120122,0.00017578,0.000248258,0.000342641,0.000465547,0.000625598,0.000834019,0.00110543,0.00145886,0.00191911,0.00251845,0.00329892,0.00431526,0.00563875,0.00736223,inf	5149.14,5149.14,2847.7,1984.67,1687.42,1517,1410.73,1322.81,1206.74,1098.97,1036.74,1012.7,1021.6,1062.73,1110.16,1049.23,875.562,1184.74,1184.74
0.000193296	-187764.97	0,1.9355e-05,4.45595e-05,7.73811e-05,0.000120122,0.00017578,0.000248258,0.000342641,0.000465547,0.000625598,0.000834019,0.00110543,0.00145886,0.00191911,0.00251845,0.00329892,0.00431526,0.00563875,0.00736223,inf	5249.94,5249.94,2857.3,1965.54,1693.25,1532.94,1431.09,1339.08,1200.89,1069.63,992.16,957.713,960.389,1001.38,1052.94,980.85,789.464,1100.18,1100.18
0.000204143	-187714.01	0,1.9355e-05,4.45595e-05,7.73811e-05,0.000120122,0.00017578,0.000248258,0.000342641,0.000465547,0.000625598,0.000834019,0.00110543,0.00145886,0.00191911,0.00251845,0.00329892,0.00431526,0.00563875,0.00736223,inf	5279.86,5279.86,2846.01,1940.68,1695.3,1548.05,1453.81,1361.37,1205.56,1055.12,965.126,921.55,918.014,957.662,1011.75,929.782,726.107,1040.48,1040.48
0.000215025	-187672.72	0,1.9355e-05,4.45595e-05,7.73811e-05,0.000120122,0.00017578,0.000248258,0.000342641,0.000465547,0.000625598,0.000834019,0.00110543,0.00145886,0.00191911,0.00251845,0.00329892,0.00431526,0.00563875,0.00736223,inf	5290.02,5290.02,2829.46,1914.75,1693.97,1559.82,1474.23,1383.52,1213.82,1047.96,947.865,896.491,887.211,925.109,980.881,889.907,677.12,998.22,998.22
0.000225827	-187637.91	0,1.9355e-05,4.45595e-05,7.73811e-05,0.000120122,0.00017578,0.000248258,0.000342641,0.000465547,0.000625598,0.000834019,0.00110543,0.00145886,0.00191911,0.00251845,0.00329892,0.00431526,0.00563875,0.00736223,inf	5295.52,5295.52,2812.76,1889.76,1690.45,1568.33,1491.27,1403.31,1222.63,1044.48,936.311,878.337,863.895,899.983,956.976,857.656,637.788,968.338,968.338
0.000236489	-187607.84	0,1.9355e-05,4.45595e-05,7.73811e-05,0.000120122,0.00017578,0.000248258,0.000342641,0.000465547,0.000625598,0.000834019,0.00110543,0.00145886,0.00191911,0.00251845,0.00329892,0.00431526,0.00563875,0.00736223,inf	5300.37,5300.37,2797.45,1866.62,1685.91,1574.39,1505.15,1420.24,1230.75,1042.82,928.218,864.659,845.63,879.994,937.949,830.808,605.256,947.424,947.424
0.000246978	-187581.40	0,1.9355e-05,4.45595e-05,7.73811e-05,0.000120122,0.00017578,0.000248258,0.000342641,0.000465547,0.000625598,0.000834019,0.00110543,0.00145886,0.00191911,0.00251845,0.00329892,0.00431526,0.00563875,0.00736223,inf	5305.32,5305.32,2783.74,1845.59,1681.17,1578.81,1516.44,1434.42,1237.74,1042.02,922.287,853.987,830.889,863.676,922.437,807.912,577.701,933.15,933.15
0.00025728	-187557.86	0,1.9355e-05,4.45595e-05,7.73811e-05,0.000120122,0.00017578,0.000248258,0.000342641,0.000465547,0.000625598,0.000834019,0.00110543,0.00145886,0.00191911,0.00251845,0.00329892,0.00431526,0.00563875,0.00736223,inf	5310.32,5310.32,2771.43,1826.65,1676.72,1582.22,1525.71,1446.19,1243.51,1041.57,917.738,845.393,818.683,850.05,909.519,787.984,553.904,923.882,923.882
0.00026739	-187536.69	0,1.9355e-05,4.45595e-05,7.73811e-05,0.000120122,0.00017578,0.000248258,0.000342641,0.000465547,0.000625598,0.000834019,0.00110543,0.00145886,0.00191911,0.00251845,0.00329892,0.00431526,0.00563875,0.00736223,inf	5315.22,5315.22,2760.16,1809.63,1672.82,1585.06,1533.45,1455.93,1248.13,1041.21,914.095,838.274,808.348,838.448,898.554,770.335,533.019,918.456,918.456
0.000277308	-187517.49	0,1.9355e-05,4.45595e-05,7.73811e-05,0.000120122,0.00017578,0.000248258,0.000342641,0.000465547,0.000625598,0.000834019,0.00110543,0.00145886,0.00191911,0.00251845,0.00329892,0.00431526,0.00563875,0.00736223,inf	5319.99,5319.99,2749.59,1794.29,1669.6,1587.61,1540.03,1463.98,1251.72,1040.8,911.055,832.229,799.426,828.396,889.083,754.473,514.443,916.022,916.022
0.000287037	-187499.95	0,1.9355e-05,4.45595e-05,7.73811e-05,0.000120122,0.00017578,0.000248258,0.000342641,0.000465547,0.000625598,0.000834019,0.00110543,0.00145886,0.00191911,0.00251845,0.00329892,0.00431526,0.00563875,0.00736223,inf	5324.65,5324.65,2739.45,1780.41,1667.08,1590.05,1545.74,1470.64,1254.43,1040.29,908.425,826.983,791.593,819.556,880.774,740.035,497.735,915.95,915.95
0.000296583	-187483.84	0,1.9355e-05,4.45595e-05,7.73811e-05,0.000120122,0.00017578,0.000248258,0.000342641,0.000465547,0.000625598,0.000834019,0.00110543,0.00145886,0.00191911,0.00251845,0.00329892,0.00431526,0.00563875,0.00736223,inf	5329.3,5329.3,2729.5,1767.79,1665.23,1592.5,1550.78,1476.15,1256.39,1039.66,906.078,822.345,784.618,811.679,873.38,726.752,482.562,917.765,917.765
0.000305953	-187468.96	0,1.9355e-05,4.45595e-05,7.73811e-05,0.000120122,0.00017578,0.000248258,0.000342641,0.000465547,0.000625598,0.000834019,0.00110543,0.00145886,0.00191911,0.00251845,0.00329892,0.00431526,0.00563875,0.00736223,inf	5333.99,5333.99,2719.57,1756.23,1664.01,1595.01,1555.3,1480.69,1257.71,1038.89,903.932,818.179,778.331,804.58,866.717,714.42,468.673,921.105,921.105
0.000315154	-187455.16	0,1.9355e-05,4.45595e-05,7.73811e-05,0.000120122,0.00017578,0.000248258,0.000342641,0.000465547,0.000625598,0.000834019,0.00110543,0.00145886,0.00191911,0.00251845,0.00329892,0.00431526,0.00563875,0.00736223,inf	5338.84,5338.84,2709.54,1745.59,1663.37,1597.61,1559.41,1484.44,1258.5,1038,901.932,814.388,772.606,798.116,860.643,702.882,455.871,925.691,925.691
0.000324193	-187442.30	0,1.9355e-05,4.45595e-05,7.73811e-05,0.000120122,0.00017578,0.000248258,0.000342641,0.000465547,0.000625598,0.000834019,0.00110543,0.00145886,0.00191911,0.00251845,0.00329892,0.00431526,0.00563875,0.00736223,inf	5343.9,5343.9,2699.34,1735.74,1663.25,1600.33,1563.19,1487.53,1258.84,1037,900.042,810.901,767.344,792.182,855.05,692.015,444,931.308,931.308
0.000333077	-187430.28	0,1.9355e-05,4.45595e-05,7.73811e-05,0.000120122,0.00017578,0.000248258,0.000342641,0.000465547,0.000625598,0.000834019,0.00110543,0.00145886,0.00191911,0.00251845,0.00329892,0.00431526,0.00563875,0.00736223,inf	5349.18,5349.18,2688.9,1726.57,1663.59,1603.16,1566.71,1490.05,1258.82,1035.92,898.236,807.665,762.473,786.691,849.853,681.724,432.935,937.785,937.785
0.000341813	-187419.01	0,1.9355e-05,4.45595e-05,7.73811e-05,0.000120122,0.00017578,0.000248258,0.000342641,0.000465547,0.000625598,0.000834019,0.00110543,0.00145886,0.00191911,0.00251845,0.00329892,0.00431526,0.00563875,0.00736223,inf	5354.77,5354.77,2678.18,1718.01,1664.34,1606.09,1570,1492.1,1258.5,1034.75,896.499,804.639,757.936,781.578,844.985,671.93,422.576,944.985,944.985
0.000350409	-187408.40	0,1.9355e-05,4.45595e-05,7.73811e-05,0.000120122,0.00017578,0.000248258,0.000342641,0.000465547,0.000625598,0.000834019,0.00110543,0.00145886,0.00191911,0.00251845,0.00329892,0.00431526,0.00563875,0.00736223,inf	5360.74,5360.74,2667.19,1709.98,1665.45,1609.13,1573.11,1493.74,1257.91,1033.52,894.817,801.793,753.686,776.789,840.394,662.573,412.84,952.804,952.804
