time_index	left_time_boundary	right_time_boundary	lambda
0	0	1.91455e-05	3867.65
1	1.91455e-05	4.40771e-05	3867.65
2	4.40771e-05	7.65434e-05	1073.21
3	7.65434e-05	0.000118822	1472.52
4	0.000118822	0.000173877	1845.33
5	0.000173877	0.000245571	1777.82
6	0.000245571	0.000338932	1661
7	0.000338932	0.000460508	1340.14
8	0.000460508	0.000618826	1108.38
9	0.000618826	0.000824991	930.452
10	0.000824991	0.00109346	827.145
11	0.00109346	0.00144307	770.914
12	0.00144307	0.00189833	765.006
13	0.00189833	0.00249118	729.28
14	0.00249118	0.0032632	710.49
15	0.0032632	0.00426854	1046.13
16	0.00426854	0.00557771	2510.96
17	0.00557771	0.00728253	422406
18	0.00728253	inf	422406
