time_index	left_time_boundary	right_time_boundary	lambda
0	0	4.39364e-06	12415.9
1	4.39364e-06	1.01151e-05	12415.9
2	1.01151e-05	1.75657e-05	13596.6
3	1.75657e-05	2.72679e-05	7071.26
4	2.72679e-05	3.99024e-05	3088.05
5	3.99024e-05	5.63552e-05	1371.13
6	5.63552e-05	7.77802e-05	1094.89
7	7.77802e-05	0.00010568	1394.42
8	0.00010568	0.000142012	1933.57
9	0.000142012	0.000189324	2073.39
10	0.000189324	0.000250935	1509.92
11	0.000250935	0.000331165	908.881
12	0.000331165	0.000435642	562.348
13	0.000435642	0.000571693	401.918
14	0.000571693	0.000748861	363.57
15	0.000748861	0.000979573	455.935
16	0.000979573	0.00128001	3616.47
17	0.00128001	0.00167124	208.604
18	0.00167124	inf	208.604
