2.1677e-05	-40896.43	0,4.39364e-06,1.01151e-05,1.75657e-05,2.72679e-05,3.99024e-05,5.63552e-05,7.77802e-05,0.00010568,0.000142012,0.000189324,0.000250935,0.000331165,0.000435642,0.000571693,0.000748861,0.000979573,0.00128001,0.00167124,inf	6984.45,6984.45,7035.96,6335.93,5623.12,4943.33,4485.43,4222.81,4051.49,3888.89,3663.27,3334.5,2920.51,2508.23,2196.84,1986.95,1991.26,749.009,749.009
2.32896e-05	-40045.83	0,4.39364e-06,1.01151e-05,1.75657e-05,2.72679e-05,3.99024e-05,5.63552e-05,7.77802e-05,0.00010568,0.000142012,0.000189324,0.000250935,0.000331165,0.000435642,0.000571693,0.000748861,0.000979573,0.00128001,0.00167124,inf	6477.03,6477.03,7624.74,6474.61,5117.63,3834.62,3054.02,2683.09,2510.32,2394.38,2217.32,1949.03,1654.86,1421.1,1296.29,1257.34,1384.38,339.803,339.803
2.69821e-05	-39967.27	0,4.39364e-06,1.01151e-05,1.75657e-05,2.72679e-05,3.99024e-05,5.63552e-05,7.77802e-05,0.00010568,0.000142012,0.000189324,0.000250935,0.000331165,0.000435642,0.000571693,0.000748861,0.000979573,0.00128001,0.00167124,inf	6495.99,6495.99,8368.22,6825.52,4929.06,3256.79,2368.47,2015.96,1904.68,1858.24,1724.34,1489.72,1251.56,1093.67,1052.81,1118.66,1530.92,188.663,188.663
3.09022e-05	-40092.22	0,4.39364e-06,1.01151e-05,1.75657e-05,2.72679e-05,3.99024e-05,5.63552e-05,7.77802e-05,0.00010568,0.000142012,0.000189324,0.000250935,0.000331165,0.000435642,0.000571693,0.000748861,0.000979573,0.00128001,0.00167124,inf	6670.15,6670.15,9076.04,7199.11,4877.47,2939.39,2017.63,1705.43,1652.03,1651.94,1523.43,1282.52,1056.36,924.774,916.491,1039.25,1863.51,173.338,173.338
3.50228e-05	-40090.34	0,4.39364e-06,1.01151e-05,1.75657e-05,2.72679e-05,3.99024e-05,5.63552e-05,7.77802e-05,0.00010568,0.000142012,0.000189324,0.000250935,0.000331165,0.000435642,0.000571693,0.000748861,0.000979573,0.00128001,0.00167124,inf	6903.98,6903.98,9712.09,7516.85,4851.57,2729.64,1809.01,1540.9,1539.85,1573.53,1432.84,1169.57,939.802,816.473,818.007,962.469,2174.55,178.181,178.181
3.93327e-05	-40048.77	0,4.39364e-06,1.01151e-05,1.75657e-05,2.72679e-05,3.99024e-05,5.63552e-05,7.77802e-05,0.00010568,0.000142012,0.000189324,0.000250935,0.000331165,0.000435642,0.000571693,0.000748861,0.000979573,0.00128001,0.00167124,inf	7175.96,7175.96,10272.5,7752.99,4808.78,2566.42,1668.1,1445.54,1493.93,1554.21,1392.15,1100.21,861.281,739.096,741.357,890.906,2429.99,180.947,180.947
4.37474e-05	-40017.03	0,4.39364e-06,1.01151e-05,1.75657e-05,2.72679e-05,3.99024e-05,5.63552e-05,7.77802e-05,0.00010568,0.000142012,0.000189324,0.000250935,0.000331165,0.000435642,0.000571693,0.000748861,0.000979573,0.00128001,0.00167124,inf	7472.96,7472.96,10758.8,7906.27,4738.08,2426.15,1563.9,1387.46,1483.44,1565.25,1376.52,1054,804.291,680.268,679.63,827.257,2642.48,184.017,184.017
4.82138e-05	-39988.37	0,4.39364e-06,1.01151e-05,1.75657e-05,2.72679e-05,3.99024e-05,5.63552e-05,7.77802e-05,0.00010568,0.000142012,0.000189324,0.000250935,0.000331165,0.000435642,0.000571693,0.000748861,0.000979573,0.00128001,0.00167124,inf	7795.66,7795.66,11184.9,7991.27,4642.39,2299.84,1482.1,1351.55,1493.41,1592.69,1374.22,1021.34,760.773,633.664,628.815,771.646,2818.68,187.021,187.021
5.2692e-05	-39962.96	0,4.39364e-06,1.01151e-05,1.75657e-05,2.72679e-05,3.99024e-05,5.63552e-05,7.77802e-05,0.00010568,0.000142012,0.000189324,0.000250935,0.000331165,0.000435642,0.000571693,0.000748861,0.000979573,0.00128001,0.00167124,inf	8133.43,8133.43,11561,8023.03,4527.83,2183.93,1415.42,1329.87,1515.79,1629.08,1379.27,997.239,726.304,595.654,586.305,723.36,2964.94,189.851,189.851
5.71533e-05	-39940.50	0,4.39364e-06,1.01151e-05,1.75657e-05,2.72679e-05,3.99024e-05,5.63552e-05,7.77802e-05,0.00010568,0.000142012,0.000189324,0.000250935,0.000331165,0.000435642,0.000571693,0.000748861,0.000979573,0.00128001,0.00167124,inf	8487.11,8487.11,11895.7,8014.95,4400.54,2076.93,1359.78,1317.89,1545.89,1670.22,1388.4,978.858,698.237,563.961,550.276,681.436,3086.65,192.465,192.465
6.15764e-05	-39920.65	0,4.39364e-06,1.01151e-05,1.75657e-05,2.72679e-05,3.99024e-05,5.63552e-05,7.77802e-05,0.00010568,0.000142012,0.000189324,0.000250935,0.000331165,0.000435642,0.000571693,0.000748861,0.000979573,0.00128001,0.00167124,inf	8855.87,8855.87,12195,7977.84,4265.87,1978.18,1312.75,1312.88,1580.89,1713.63,1399.75,964.451,674.844,537.04,519.365,644.885,3188.24,194.857,194.857
6.59468e-05	-39903.07	0,4.39364e-06,1.01151e-05,1.75657e-05,2.72679e-05,3.99024e-05,5.63552e-05,7.77802e-05,0.00010568,0.000142012,0.000189324,0.000250935,0.000331165,0.000435642,0.000571693,0.000748861,0.000979573,0.00128001,0.00167124,inf	9233.62,9233.62,12459.4,7917.63,4126.94,1886.89,1272.5,1312.89,1618.81,1757.75,1412.23,952.941,655.018,513.869,492.605,612.892,3273.38,197.035,197.035
7.02533e-05	-39887.44	0,4.39364e-06,1.01151e-05,1.75657e-05,2.72679e-05,3.99024e-05,5.63552e-05,7.77802e-05,0.00010568,0.000142012,0.000189324,0.000250935,0.000331165,0.000435642,0.000571693,0.000748861,0.000979573,0.00128001,0.00167124,inf	9615.41,9615.41,12690.9,7839.92,3986.6,1802.54,1237.82,1316.64,1658.36,1801.59,1425.18,943.577,637.96,493.685,469.234,584.738,3344.94,199.014,199.014
7.44886e-05	-39873.52	0,4.39364e-06,1.01151e-05,1.75657e-05,2.72679e-05,3.99024e-05,5.63552e-05,7.77802e-05,0.00010568,0.000142012,0.000189324,0.000250935,0.000331165,0.000435642,0.000571693,0.000748861,0.000979573,0.00128001,0.00167124,inf	10003.9,10003.9,12892.9,7749.34,3847.21,1724.79,1207.85,1323.27,1698.73,1844.64,1438.24,935.863,623.105,475.927,448.662,559.821,3405.35,200.809,200.809
7.86472e-05	-39861.05	0,4.39364e-06,1.01151e-05,1.75657e-05,2.72679e-05,3.99024e-05,5.63552e-05,7.77802e-05,0.00010568,0.000142012,0.000189324,0.000250935,0.000331165,0.000435642,0.000571693,0.000748861,0.000979573,0.00128001,0.00167124,inf	10396.3,10396.3,13066.8,7648.93,3710.14,1653.1,1181.86,1332.07,1739.27,1886.48,1451.14,929.417,610.026,460.168,430.425,537.648,3456.4,202.439,202.439
8.27253e-05	-39849.86	0,4.39364e-06,1.01151e-05,1.75657e-05,2.72679e-05,3.99024e-05,5.63552e-05,7.77802e-05,0.00010568,0.000142012,0.000189324,0.000250935,0.000331165,0.000435642,0.000571693,0.000748861,0.000979573,0.00128001,0.00167124,inf	10792.3,10792.3,13214.9,7541.14,3576.46,1587.05,1159.26,1342.52,1779.54,1926.91,1463.72,923.971,598.405,446.077,414.154,517.814,3499.61,203.918,203.918
8.67214e-05	-39839.78	0,4.39364e-06,1.01151e-05,1.75657e-05,2.72679e-05,3.99024e-05,5.63552e-05,7.77802e-05,0.00010568,0.000142012,0.000189324,0.000250935,0.000331165,0.000435642,0.000571693,0.000748861,0.000979573,0.00128001,0.00167124,inf	11194,11194,13340.1,7428.22,3447.09,1526.25,1139.64,1354.27,1819.31,1965.86,1475.94,919.335,588.001,433.396,399.555,499.981,3536.29,205.261,205.261
9.06345e-05	-39830.66	0,4.39364e-06,1.01151e-05,1.75657e-05,2.72679e-05,3.99024e-05,5.63552e-05,7.77802e-05,0.00010568,0.000142012,0.000189324,0.000250935,0.000331165,0.000435642,0.000571693,0.000748861,0.000979573,0.00128001,0.00167124,inf	11597.2,11597.2,13443.8,7311.38,3322.33,1470.25,1122.57,1366.98,1858.31,2003.25,1487.73,915.346,578.619,421.915,386.382,483.87,3567.48,206.482,206.482
9.4464e-05	-39822.39	0,4.39364e-06,1.01151e-05,1.75657e-05,2.72679e-05,3.99024e-05,5.63552e-05,7.77802e-05,0.00010568,0.000142012,0.000189324,0.000250935,0.000331165,0.000435642,0.000571693,0.000748861,0.000979573,0.00128001,0.00167124,inf	12005.7,12005.7,13528.9,7192.14,3202.63,1418.67,1107.75,1380.42,1896.43,2039.08,1499.05,911.891,570.108,411.468,374.442,469.253,3593.96,207.592,207.592
9.82106e-05	-39814.86	0,4.39364e-06,1.01151e-05,1.75657e-05,2.72679e-05,3.99024e-05,5.63552e-05,7.77802e-05,0.00010568,0.000142012,0.000189324,0.000250935,0.000331165,0.000435642,0.000571693,0.000748861,0.000979573,0.00128001,0.00167124,inf	12415.9,12415.9,13596.6,7071.26,3088.05,1371.13,1094.89,1394.42,1933.57,2073.39,1509.92,908.881,562.348,401.918,363.57,455.935,3616.47,208.604,208.604
