1	401	401	GA
1	2764	1442	TC
1	12943	4105	CG
1	16187	1657	AG
1	16362	175	AG
1	16424	62	AT
1	16714	290	CT
1	16715	1	TC
1	16793	78	GT
1	17676	526	AT
1	17681	5	AG
1	17690	9	GC
1	17909	219	AG
1	18406	331	TA
1	19593	451	CA
1	20900	1083	TC
1	23491	1348	TC
1	23531	40	GC
1	24084	405	CG
1	24114	30	GA
1	24675	370	GC
1	24776	101	AT
1	24957	181	TC
1	25414	264	AG
1	25493	79	CG
1	25496	3	GC
1	25579	53	AC
1	25593	14	GT
1	25617	24	TC
1	25768	76	CA
1	26092	324	GA
1	26159	67	CT
1	26933	469	CA
1	27233	300	CG
1	28957	1521	GT
1	29540	481	CT
1	29581	41	CT
1	30079	307	AG
1	30754	675	CG
1	31380	626	AG
1	33241	1433	CT
1	33422	181	TC
1	33950	365	AC
1	34446	395	TC
1	34710	53	TG
1	34737	27	TA
1	34976	239	CG
1	34992	16	TC
1	35017	25	TC
1	35075	58	TC
1	35344	269	TC
1	35451	107	AC
1	35596	145	CG
1	35602	6	TC
1	35718	116	TC
1	35723	5	TC
1	35769	46	GA
1	35826	57	CT
1	36096	270	AG
1	37033	418	TC
1	37385	352	TC
1	37406	21	CA
1	37465	59	TC
1	38468	254	AG
1	38486	18	GA
1	38501	15	AG
1	38510	9	AG
1	38519	9	TA
1	38738	219	GA
1	38857	119	TC
1	38917	60	TC
1	39425	322	CT
1	39497	72	AG
1	39524	27	CT
1	39576	52	TA
1	39786	210	TC
1	39797	11	CG
1	39885	88	TC
1	39912	27	CT
1	39967	55	TC
1	42873	1377	TG
1	44098	1225	AG
1	44230	132	CT
1	44414	121	GA
1	44442	28	GA
1	44471	29	GA
1	44517	46	GA
1	45071	164	CT
1	46467	593	GA
1	46604	137	CT
1	47100	273	AT
1	47105	5	TG
1	47251	146	GA
1	47393	142	AC
1	48012	315	GT
1	48711	268	AG
1	48751	40	TC
1	48769	18	TC
1	49222	317	GA
1	49224	2	GA
1	49784	560	GA
1	50273	289	CA
1	51023	488	AG
1	51070	47	AG
1	51143	73	TC
1	51144	1	GA
1	51273	129	GA
1	51351	78	CT
1	51493	142	TC
1	51780	287	TC
1	51784	4	GT
1	52311	142	TC
1	52323	12	AG
1	52528	205	TC
1	52750	74	AG
1	52810	60	GT
1	52860	50	GA
1	52894	34	GA
1	52979	85	AG
1	53021	42	GT
1	53036	15	GA
1	54154	1118	TC
1	55915	1332	CT
1	56084	169	CG
1	56278	194	CG
1	56428	76	CG
1	56662	36	GA
1	56967	65	AG
1	57092	125	AG
1	57100	8	CT
1	57246	146	AG
1	57702	456	AG
1	57836	20	GA
1	57988	152	TC
1	58286	252	AG
1	58323	37	GA
1	63696	3678	AG
1	63947	251	GA
1	64878	470	GA
1	65315	437	GC
1	66418	738	TC
1	66514	96	AC
1	67760	253	GA
1	73214	3185	AG
1	74829	1038	CT
1	78891	1330	GA
1	79037	146	GA
1	79059	22	AG
1	79478	419	GC
1	79574	60	AG
1	79584	10	TC
1	80989	533	TC
1	81154	64	CT
1	81205	51	TC
1	81427	222	GT
1	81695	268	AG
1	81696	1	AG
1	81770	74	AG
1	81784	14	GA
1	81941	157	AG
1	82060	119	GA
1	82093	33	GA
1	82422	226	AG
1	82454	32	GC
1	82581	127	GA
1	82662	81	TC
1	82919	257	GA
1	82951	32	TA
1	83561	160	TG
1	83585	24	CA
1	84742	605	GA
1	84776	34	CT
1	85780	635	AG
1	85800	20	TC
1	87572	290	CG
1	87599	27	TC
1	87654	55	TC
1	87877	223	GT
1	88247	370	AG
1	90000	1264	GA
1	92626	1139	GC
1	93771	1126	GC
1	93799	28	TC
1	106226	6867	AG
1	108430	854	CT
1	108935	211	TC
1	109545	610	CT
1	109563	18	GC
1	109995	432	AG
1	110384	249	CA
1	110400	16	AG
1	110446	46	TC
1	110801	124	GA
1	111023	93	GA
1	111178	155	GA
1	111191	13	CT
1	111202	11	AG
1	111905	703	GA
1	111986	81	TC
1	115294	2165	CG
1	116896	1234	TC
1	118629	936	AG
1	121964	2076	GA
1	123786	1309	GA
1	125722	1230	GC
1	126361	639	TC
1	126391	30	AG
1	134286	5794	AG
1	136437	1665	CT
1	136626	189	AG
1	136790	164	AG
1	140102	2755	GA
1	142632	2255	TG
1	143685	1009	TC
1	144538	757	AG
1	145383	801	CT
1	145502	119	GC
1	146124	550	AG
1	146370	87	GA
1	146633	263	GT
1	146789	156	GA
1	146877	88	TC
1	146960	83	AC
1	148618	1382	CT
1	148942	49	CT
1	149122	180	TG
1	150589	1288	AG
1	151067	446	GA
1	151177	110	AG
1	151332	155	CG
1	151376	44	AG
1	151547	171	AG
1	152111	504	TC
1	152249	138	TC
1	152253	4	TC
1	152391	138	GA
1	152395	4	AC
1	152399	4	TC
1	152469	70	TC
1	153424	873	GT
1	154651	977	AG
1	162754	5773	TC
1	164087	465	GC
1	168300	1701	GA
1	170564	2069	AG
1	170614	50	TC
1	170720	106	CT
1	170841	121	CA
1	171548	707	CT
1	171569	21	AC
1	172031	163	GT
1	172419	332	TG
1	173221	557	AT
1	173597	376	AG
1	173840	243	AG
1	173884	44	TC
1	174392	378	GA
1	174764	372	CT
1	175448	599	GA
1	175795	238	TC
1	175828	33	TC
1	176032	204	GA
1	176357	112	CG
1	176718	361	CT
1	176723	5	CG
1	177160	437	CA
1	177800	566	AG
1	178519	345	TC
1	178556	37	CA
1	179799	1150	CG
1	180400	158	CT
1	180550	150	TA
1	181118	551	GA
1	181131	13	TC
1	183609	1950	CA
1	184054	445	AG
1	184251	197	GC
1	184404	153	TC
1	185592	303	AG
1	185924	332	TC
1	186379	156	TA
1	186615	236	GA
1	186740	125	TC
1	187528	377	GT
1	187999	471	CT
1	188057	58	CT
1	188330	273	TG
1	188776	446	CA
1	189760	536	GC
1	189780	20	TG
1	189818	38	CT
1	192367	859	CT
1	192386	19	GT
1	192410	24	GA
1	192542	132	AC
1	192594	52	CA
1	193091	461	GA
1	193852	722	GA
1	194297	216	TA
1	194522	225	TC
1	194527	5	TA
1	194548	21	AT
1	200360	2951	CT
1	203302	1962	GA
1	207618	2698	GA
1	208892	764	GT
1	211958	2208	AG
1	214696	2373	TC
1	214964	268	GA
1	215076	112	CT
1	216919	726	GC
1	217624	705	CG
1	218066	202	GA
1	218292	121	AG
1	218631	339	AG
1	219340	620	AG
1	219501	161	AG
1	219758	257	CT
1	220299	345	AG
1	220488	189	GT
1	220665	177	GC
1	221258	270	CT
1	221339	81	CT
1	221535	196	GT
1	222008	473	CT
1	222547	408	CG
1	222751	204	AG
1	223614	672	GC
1	223813	199	AC
1	224394	214	CG
1	224403	9	CT
1	224419	16	AG
1	225092	464	GT
1	227877	2077	AG
1	228871	790	GC
1	229053	182	GA
1	230609	1325	TC
1	231403	384	TC
1	232441	775	GA
1	232845	404	GA
1	233088	199	GA
1	233326	199	GC
1	237610	2164	GA
1	245562	3488	TC
1	251627	2958	AG
1	252555	877	GA
1	252723	103	TC
1	252744	21	GA
1	253567	480	CT
1	253629	62	GT
1	253634	5	CG
1	253729	95	CT
1	253860	131	GA
1	253916	56	CA
1	253921	5	GA
1	254055	134	GA
1	254161	106	AC
1	254168	7	TA
1	254179	11	AT
1	254248	69	AG
1	254437	138	AG
1	254680	243	AG
1	255658	244	TG
1	255971	313	AG
1	256376	405	TC
1	256915	210	AG
1	257374	295	TC
1	259015	766	AC
1	259053	38	TC
1	260133	709	TC
1	263923	866	TC
1	264300	229	CT
1	267733	1367	GT
1	268038	41	CT
1	268631	593	CT
1	271364	2634	TC
1	272016	419	GA
1	275109	1554	GA
1	275204	95	GT
1	275743	339	CG
1	275748	5	CT
1	277192	896	TC
1	278087	816	AG
1	280221	1522	CT
1	281079	722	GA
1	282920	1377	AT
1	285321	1768	TC
1	285942	440	AG
1	286722	780	GA
1	288147	1332	CG
1	288224	77	TC
1	288371	147	GA
1	288372	1	AG
1	292234	2791	TG
1	292589	308	GA
1	297720	3890	CT
1	297966	246	TC
1	301077	2097	GA
1	301142	65	AG
1	302278	815	CT
1	303018	228	AG
1	303064	46	CT
1	303423	275	CT
1	303447	24	AG
1	303690	243	TC
1	303839	149	TC
1	304092	38	GA
1	305763	1138	CT
1	305870	107	CT
1	306272	272	TC
1	306427	155	GA
1	306461	34	AG
1	306694	233	GA
1	306969	275	GC
1	307075	106	AC
1	307608	419	TC
1	307639	31	AG
1	307801	162	GA
1	307992	191	AT
1	308043	51	CG
1	308658	478	AG
1	309088	372	TG
1	309509	421	GA
1	310291	782	CA
1	312120	1754	CG
1	313942	1797	TC
1	315560	1079	TC
1	316628	1068	GA
1	316712	84	CT
1	318887	1448	TC
1	319024	137	AT
1	319025	1	GA
1	319026	1	GT
1	320287	1261	GA
1	323360	2092	GA
1	324527	660	CT
1	325480	953	CT
1	326692	1082	TC
1	327252	312	TG
1	328790	1343	TA
1	329314	364	CA
1	330180	793	TC
1	330423	243	CT
1	330469	46	TC
1	331875	1125	CT
1	333041	887	CT
1	333554	513	CG
1	333939	321	GT
1	333978	39	CG
1	334935	826	TC
1	335481	90	TG
1	335639	158	CT
1	336243	332	AG
1	336636	393	GC
1	336754	118	CT
1	336759	5	CT
1	337420	661	CT
1	337570	150	GA
1	337865	114	TC
1	338065	200	AG
1	339031	966	TC
1	339198	167	CT
1	339330	132	AT
1	339602	220	CT
1	340500	752	TG
1	342866	1578	CT
1	343079	213	TC
1	343390	311	TC
1	343753	363	CA
1	343956	203	TC
1	344419	463	CT
1	344787	163	AG
1	344809	22	TC
1	345618	600	TC
1	345628	10	TG
1	346587	672	GA
1	346588	1	CG
1	347392	604	AC
1	347669	277	AT
1	347793	124	TA
1	348182	389	TG
1	348368	186	AC
1	350728	1493	AC
1	351581	512	AG
1	351744	163	AT
1	352287	543	CT
1	353029	261	TG
1	354138	830	CG
1	354181	43	TA
1	354201	20	CT
1	354466	265	GT
1	355217	218	CA
1	355267	50	TA
1	355466	199	CT
1	355476	10	AG
1	355781	305	AG
1	355817	36	CT
1	355938	121	GA
1	356020	82	TC
1	356114	94	AG
1	356217	103	AC
1	356475	258	AG
1	356538	63	AG
1	356644	106	TC
1	356663	19	CG
1	356672	9	CT
1	356824	152	CT
1	356825	1	CT
1	357027	202	AG
1	357421	273	CT
1	357973	174	TC
1	358336	334	AG
1	358364	28	AG
1	360757	876	TC
1	361250	368	CT
1	361434	184	GA
1	361728	294	GA
1	361736	8	CG
1	362142	152	TC
1	362634	319	TG
1	363100	466	CG
1	363893	509	CA
1	364320	137	CT
1	364470	59	GA
1	364637	167	AG
1	365426	574	TC
1	365790	364	GA
1	366019	229	AG
1	366817	798	CG
1	367508	159	TG
1	369012	1020	AC
1	369439	427	TA
1	369447	8	AG
1	370687	400	GT
1	370722	35	TC
1	370909	187	AG
1	371063	95	AC
1	372419	1080	GA
1	372516	97	GC
1	373287	704	GT
1	373529	242	CG
1	373652	123	CT
1	376068	1186	CT
1	376078	10	TC
1	376358	280	AG
1	377018	525	AG
1	379180	1940	CT
1	379401	221	GA
1	379460	59	GC
1	379484	24	TG
1	379600	116	TC
1	379603	3	CT
1	379830	227	CT
1	380777	907	CT
1	380796	19	CG
1	380816	20	GA
1	381056	24	GA
1	381177	121	CT
1	381182	5	CT
1	382178	665	TC
1	382410	188	GA
1	384233	1182	TC
1	384675	54	TC
1	385400	322	CT
1	386258	829	TC
1	386344	86	GA
1	386703	300	GA
1	386878	100	TC
1	387311	304	AG
1	388225	826	GA
1	388300	75	CT
1	388872	516	CA
1	388904	32	AG
1	389498	594	AG
1	389547	49	GA
1	389778	83	CT
1	390450	672	GT
1	390674	67	TA
1	391418	744	CT
1	391445	27	AG
1	391462	17	CT
1	391810	247	AG
1	391817	7	CT
1	391854	37	TC
1	392223	127	CT
1	392408	185	CA
1	393172	421	TC
1	393496	324	GC
1	393542	46	AG
1	393632	90	AG
1	394087	324	CT
1	394154	67	CA
1	394214	60	TC
1	394992	236	GC
1	395111	119	CT
1	395221	110	CG
1	395394	105	AG
1	396089	256	AG
1	396096	7	AG
1	398312	957	TC
1	398377	65	GA
1	398420	43	CT
1	398786	366	GA
1	399043	257	AT
1	399503	201	TA
1	401256	897	GA
1	402324	764	TA
1	402710	224	AG
1	402849	100	TC
1	402895	46	AG
1	403139	244	CA
1	403228	89	AG
1	403523	295	CT
1	404189	474	CT
1	404562	373	AG
1	404652	90	AT
1	405057	369	AG
1	405359	302	TG
1	405599	240	TC
1	405619	20	TC
1	405665	46	AG
1	405714	49	GA
1	405768	54	CA
1	406214	446	AC
1	406420	206	GA
1	406489	69	GC
1	406737	248	AG
1	407003	266	CG
1	408924	738	CT
1	409038	114	TC
1	409299	261	TC
1	412474	2530	AC
1	412526	52	TA
1	413081	555	TC
1	413169	88	CT
1	423084	6959	TG
1	423741	338	CA
1	424768	359	TC
1	424997	68	TC
1	425017	20	TG
1	427287	1697	TC
1	427654	367	GC
1	429540	1406	TG
1	429638	98	GA
1	430887	864	TC
1	436662	3845	TC
1	439057	1190	TC
1	439471	414	AT
1	439618	147	AG
1	439651	33	GA
1	439671	20	AG
1	439963	253	GA
1	440881	583	CT
1	440896	15	TC
1	441022	126	GA
1	441518	439	TC
1	451279	7442	GA
1	453309	1776	AC
1	458064	4111	AG
1	459571	1065	CT
1	462615	1222	TG
1	462622	7	CT
1	462676	54	GA
1	464946	1213	AG
1	465492	390	GA
1	465892	320	GA
1	466563	462	GT
1	467077	415	CG
1	467078	1	TG
1	478638	8036	CT
1	483086	2325	GC
1	483406	320	AG
1	488036	2074	CT
1	489522	555	CG
1	491899	913	TC
1	492844	877	AC
1	496241	2853	GC
1	496376	135	AG
1	499721	2516	GT
1	499815	94	AC
1	500697	240	CT
1	502151	945	AG
1	502492	341	CG
1	502493	1	CT
1	502537	44	AC
1	502739	202	CT
1	503014	7	CT
1	503175	161	CT
1	503176	1	AG
1	503181	5	CT
1	504250	384	CT
1	504284	34	CT
1	504470	186	AC
1	504500	30	TC
1	505256	494	TC
1	507099	1359	AG
1	507183	84	CT
1	507704	521	GA
1	507833	129	CA
1	509119	620	TG
1	509310	191	TC
1	509348	38	AG
1	509369	21	AG
1	510208	839	CT
1	510271	63	AG
1	510610	232	GA
1	510635	25	CT
1	511994	525	AG
1	512113	119	GA
1	512228	115	CT
1	512444	116	TA
1	512734	290	AG
1	513616	781	GA
1	515785	1640	AG
1	516617	422	TC
1	517159	542	CT
1	517369	210	AG
1	517584	215	CA
1	519038	949	AG
1	521438	1903	GA
1	522088	650	AG
1	522113	25	TC
1	523118	848	TC
1	523123	5	AG
1	523164	41	GA
1	523327	135	GC
1	523428	101	GC
1	523805	230	AG
1	523818	13	CT
1	523888	70	CT
1	523920	32	TA
1	523928	8	CT
1	523961	33	GA
1	524010	49	AG
1	524029	19	GA
1	524049	20	CT
1	524107	58	TC
1	524192	85	TA
1	524194	2	TC
1	524203	9	CT
1	524300	97	TG
1	524318	18	GC
1	524450	31	TC
1	524456	6	CG
1	524463	7	AT
1	524519	56	GA
1	524573	54	CA
1	524751	178	GT
1	525024	228	CT
1	525144	120	GA
1	525578	244	GA
1	525680	102	TC
1	525697	17	TA
1	527144	1322	AG
1	527404	260	TA
1	532267	1150	GA
1	532571	304	CA
1	533315	400	GA
1	534558	1201	AC
1	534662	104	TC
1	536713	1007	TG
1	536722	9	CT
1	536723	1	AG
1	536880	157	TG
1	537245	365	TC
1	539967	975	TC
1	540081	114	AC
1	540332	251	CG
1	540567	235	AG
1	540586	19	CT
1	540675	89	TA
1	540678	3	CA
1	540702	24	GT
1	540840	138	CA
1	541010	170	TC
1	541055	45	CT
1	541104	49	GC
1	541491	387	GA
1	541820	329	CT
1	541898	78	GA
1	543031	460	CT
1	543044	13	CG
1	547856	1557	CT
1	548245	389	TA
1	548246	1	AT
1	549328	741	AT
1	550005	563	TC
1	550556	476	TC
1	550716	160	CG
1	553584	2137	CG
1	554386	656	CT
1	558053	2851	GA
1	564525	4152	TC
1	574946	6240	CT
1	586547	8348	TA
1	591308	3351	GA
1	593255	776	TG
1	601068	2368	GC
1	603974	1102	CA
1	604101	25	TC
1	604128	27	GA
1	604146	18	AG
1	605469	346	AG
1	605642	173	CT
1	605846	204	CT
1	606159	313	GA
1	606182	23	AG
1	606281	99	TC
1	608332	973	AC
1	608341	9	TC
1	608613	272	GC
1	608831	74	CT
1	608832	1	AG
1	609241	277	CT
1	613433	3024	CT
1	617434	2885	GA
1	618546	387	GA
1	618620	74	GA
1	620383	1535	CA
1	620899	255	CA
1	621111	212	CG
1	621194	83	CA
1	621770	341	GA
1	622842	745	AG
1	623325	169	AG
1	624066	609	CG
1	624526	167	TC
1	624583	57	TC
1	625180	350	CG
1	628820	2118	GA
1	629120	300	TC
1	629341	61	GA
1	629505	164	CT
1	629666	161	CT
1	630560	841	TC
1	631289	407	CT
1	632293	803	CG
1	633037	744	TC
1	633054	17	AG
1	633510	330	GA
1	634005	370	GA
1	634418	225	CT
1	635584	596	GC
1	636056	472	AC
1	636099	43	TC
1	637320	784	AG
1	637817	392	TG
1	638271	413	TC
1	638446	175	GT
1	638523	77	CT
1	639426	240	GA
1	639510	84	TC
1	640359	133	CT
1	642116	1729	GA
1	643105	989	TC
1	643986	582	CT
1	646107	1119	TC
1	646245	138	AG
1	650514	2994	GA
1	650828	314	CT
1	650838	10	GA
1	651453	225	CG
1	653238	1507	GA
1	658435	3450	AG
1	658696	113	AG
1	659563	756	AC
1	661694	1105	TC
1	663679	1123	AG
1	664346	604	GA
1	664981	635	CG
1	666478	1448	TC
1	666560	82	TC
1	667861	1192	GA
1	668832	84	CT
1	669240	311	AG
1	669243	3	TC
1	669941	225	TG
1	671031	732	CT
1	671273	207	GC
1	671309	36	GA
1	672004	383	AT
1	673814	1201	TC
1	675559	1008	TG
1	675572	13	GA
1	677094	766	CT
1	677329	235	CT
1	677330	1	CT
1	677349	19	TC
1	677385	36	GA
1	678185	105	TC
1	678233	48	AG
1	678270	37	GA
1	678384	114	AG
1	678687	303	CT
1	681119	1429	CA
1	681122	3	TC
1	681370	248	GA
1	681440	70	TC
1	681756	283	GT
1	683069	849	CT
1	683189	120	CT
1	683828	560	AG
1	684843	492	TC
1	685043	30	AG
1	685206	163	AG
1	685396	190	TA
1	685783	269	TC
1	686095	20	TC
1	687408	305	AG
1	687752	320	TC
1	687955	203	GA
1	688808	853	TA
1	689352	544	GA
1	689478	126	AG
1	690152	281	AT
1	690401	249	CG
1	690465	64	CT
1	693251	1604	CT
1	694307	647	GT
1	694355	48	TC
1	694965	335	AC
1	694966	1	TC
1	696404	753	CT
1	696485	81	TC
1	696627	142	GC
1	696642	15	TC
1	696679	37	TC
1	697127	448	CT
1	701766	2431	GA
1	703945	1132	GA
1	706748	1200	TG
1	707246	498	AC
1	707852	606	GA
1	711076	2025	TC
1	713331	1582	AG
1	714625	1294	GA
1	717063	854	GT
1	717657	394	TC
1	718377	259	GA
1	719989	776	AG
1	720602	613	TC
1	720805	203	GA
1	721435	630	TC
1	723941	1593	TC
1	724741	649	TC
1	725544	353	GA
1	726031	298	GA
1	726280	210	AG
1	726599	319	GA
1	727304	532	TC
1	728200	414	AG
1	728462	262	AG
1	732187	1087	GA
1	734200	1292	CA
1	734697	474	AG
1	735304	310	CT
1	735607	119	CT
1	737237	826	CT
1	738182	461	CG
1	738794	408	TC
1	739550	700	CT
1	739749	199	AG
1	740095	346	GT
1	740185	90	AG
1	741057	785	CA
1	742232	520	TC
1	743316	648	AG
1	743815	499	CG
1	744823	177	GC
1	745939	369	AG
1	747045	605	AC
1	747144	99	GA
1	747282	138	AG
1	747584	207	GC
1	747825	23	TC
1	750114	1040	TC
1	750249	135	TC
1	750477	228	AG
1	751777	1099	GA
1	751938	161	AC
1	754190	918	CT
1	758821	2940	AG
1	773803	6676	AT
1	776980	1035	GA
1	779366	1255	TC
1	783394	1961	TC
1	785154	1474	TC
1	790086	2338	TC
1	796521	3740	AC
1	797087	512	GA
1	804640	2525	AG
1	804937	297	GA
1	805035	98	AG
1	807612	731	TC
1	807622	10	GA
1	809052	950	GA
1	810830	778	GA
1	812042	477	CG
1	813185	699	AG
1	813229	44	GA
1	813657	366	GA
1	814403	659	CT
1	814492	89	AG
1	815852	853	GC
1	816705	853	CT
1	821957	3409	GA
1	822132	175	AG
1	823639	390	AC
1	3656927	1989063	CT
1	3658069	1142	AC
1	3658292	223	TC
1	3658553	261	AG
1	3659116	320	GA
1	3659220	104	CG
1	3660189	179	TC
1	3660427	238	GA
1	3660579	30	CT
1	3660728	149	TG
1	3661592	424	AG
1	3663066	1171	GA
1	3663189	123	TC
1	3665423	1929	GA
1	3665669	246	CA
1	3666870	887	CT
1	3668382	961	CT
1	3668737	237	CT
1	3669318	523	AG
1	3671525	1035	TC
1	3671814	289	AG
1	3671826	12	AG
1	3672480	302	TC
1	3673332	723	CT
1	3674150	791	AG
1	3674915	735	CT
1	3678763	1828	AC
1	3678833	70	AG
1	3679039	206	AG
1	3680431	1271	CT
1	3680560	129	CT
1	3680976	286	TC
1	3681402	426	AG
1	3681533	131	CG
1	3681572	39	TA
1	3681577	5	TC
1	3681659	82	CT
1	3681755	96	AG
1	3681873	7	AG
1	3681930	57	TC
1	3682206	276	GA
1	3682208	2	GA
1	3682439	231	TG
1	3682454	15	TC
1	3682475	21	AG
1	3682498	23	GA
1	3682560	62	TC
1	3682647	87	GA
1	3682657	10	GC
1	3682980	259	TC
1	3682992	12	GA
1	3683004	12	CG
1	3683015	11	TC
1	3683783	344	AT
1	3684782	508	AC
1	3685493	94	AG
1	3685779	286	TC
1	3685919	140	AG
1	3686990	855	TA
1	3687139	149	CA
1	3687434	295	GA
1	3687436	2	CT
1	3688455	341	GT
1	3689939	150	GA
1	3690002	63	TC
1	3690069	67	TC
1	3690193	124	GA
1	3690473	280	GC
1	3690543	70	GA
1	3690804	261	TC
1	3691702	541	CT
1	3692454	707	GA
1	3692686	100	TC
1	3692829	143	AG
1	3693163	85	AG
1	3693466	282	GC
1	3693472	6	GA
1	3693500	28	TC
1	3693555	55	AG
1	3694730	194	CT
1	3694960	230	AG
1	3695351	391	AG
1	3695393	42	CT
1	3695461	68	TG
1	3695952	456	GA
1	3695995	43	AG
1	3696011	16	AC
1	3696024	13	GA
1	3696115	91	CG
1	3696191	76	CT
1	3696200	9	GC
1	3696266	66	AG
1	3696281	15	CG
1	3696742	180	TG
1	3696950	208	CT
1	3697133	142	CT
1	3697299	166	CT
1	3697490	96	CA
1	3697555	65	GT
1	3697588	33	GA
1	3697728	140	AC
1	3698633	742	TC
1	3698769	136	CT
1	3699202	433	TC
1	3702310	2149	CG
1	3703054	744	GA
1	3703066	12	CT
1	3703086	20	CT
1	3703103	17	CT
1	3703762	609	TG
1	3704726	461	GA
1	3704967	241	CT
1	3705120	153	AG
1	3705129	9	CT
1	3705714	585	CT
1	3706032	318	GA
1	3706157	125	TC
1	3706915	503	GA
1	3707255	340	TG
1	3707447	192	AT
1	3707449	2	CT
1	3709048	953	AC
1	3710528	372	GT
1	3710579	51	GA
1	3710610	31	GA
1	3718742	5110	GT
1	3719970	1027	AG
1	3720747	633	GA
1	3720759	12	GT
1	3722062	1283	CT
1	3722343	281	CT
1	3722497	154	AG
1	3726288	2417	GA
1	3730431	2855	GA
1	3735073	2720	TC
1	3735122	49	TA
1	3735418	296	TC
1	3736533	226	TC
1	3736769	236	CT
1	3738217	429	GA
1	3738287	70	TA
1	3738453	166	GA
1	3738614	161	TA
1	3739550	702	CG
1	3740351	235	TC
1	3740683	332	CA
1	3740711	28	CG
1	3740822	111	TG
1	3740834	12	GA
1	3741790	205	AG
1	3742242	381	GA
1	3742250	8	AG
1	3743257	961	AG
1	3743305	48	CA
1	3744392	501	CA
1	3746101	608	AG
1	3746729	391	AG
1	3746871	142	AG
1	3746994	123	AG
1	3747753	688	AC
1	3747858	105	CT
1	3748003	145	AG
1	3748080	77	CA
1	3748171	91	GA
1	3749131	808	GT
1	3749637	427	CG
1	3750780	492	TC
1	3750849	69	GA
1	3751292	443	TG
1	3751438	146	TC
1	3751668	230	AG
1	3752185	258	TC
1	3752209	24	CT
1	3752230	21	AG
1	3752285	6	GA
1	3752344	59	TG
1	3752471	127	GA
1	3752493	22	TC
1	3752550	57	TC
1	3752647	97	AG
1	3752723	76	GT
1	3753205	482	TC
1	3753226	21	GA
1	3753243	17	CT
1	3753302	59	GC
1	3753421	119	GA
1	3753863	310	CT
1	3753901	38	GA
1	3753986	63	TA
1	3754050	64	GA
1	3754104	54	AT
1	3754482	378	CT
1	3754616	134	GA
1	3754893	234	GA
1	3755295	246	GA
1	3755880	585	TG
1	3755928	48	CT
1	3756085	157	GA
1	3756809	264	TG
1	3757983	268	TG
1	3758645	237	GA
1	3758942	297	GA
1	3762685	3185	GA
1	3762953	268	CT
1	3765816	2122	AG
1	3766056	240	GA
1	3766111	55	GC
1	3766158	47	CT
1	3769470	2119	GA
1	3775277	5369	GA
1	3775993	544	AG
1	3776008	15	AG
1	3776030	22	AC
1	3776099	69	CT
1	3777377	984	TC
1	3777603	226	GA
1	3778058	416	AC
1	3780591	2261	TC
1	3780803	212	CT
1	3780820	17	GA
1	3782948	1501	AG
1	3783604	656	CT
1	3783921	317	AG
1	3785249	1104	GT
1	3785545	265	CG
1	3786334	720	GC
1	3786347	13	TC
1	3787683	470	CT
1	3787800	117	CT
1	3787803	3	AG
1	3787857	54	GT
1	3788226	369	GA
1	3789810	711	AC
1	3791080	638	TC
1	3791818	168	GA
1	3791998	180	AG
1	3793752	752	GA
1	3793829	77	TC
1	3793996	167	TA
1	3794362	366	AT
1	3794403	41	AT
1	3794555	152	TC
1	3795561	548	TC
1	3797288	1225	CT
1	3798896	1067	CT
1	3805489	4683	GA
1	3805893	404	CT
1	3805904	11	GA
1	3806242	338	CT
1	3806334	92	TC
1	3806578	244	GA
1	3807984	994	GC
1	3809010	925	CT
1	3809085	75	TC
1	3809648	563	TG
1	3809993	345	GA
1	3810102	109	CT
1	3810115	13	CT
1	3810417	229	GT
1	3810428	11	GT
1	3810787	328	TC
1	3811525	738	GC
1	3811553	28	GC
1	3812684	733	CT
1	3813844	934	CT
1	3814129	259	AG
1	3815894	1765	AG
1	3816289	395	AG
1	3816300	11	TC
1	3816518	218	TG
1	3816573	55	AG
1	3816628	55	GC
1	3816832	204	TC
1	3817039	207	GT
1	3818775	1683	CT
1	3819510	574	AG
1	3820653	1112	TC
1	3821316	561	AT
1	3821533	217	CT
1	3822161	513	TC
1	3822169	8	CT
1	3831330	8597	AG
1	3833052	1647	GT
1	3833142	90	AG
1	3833199	57	AG
1	3833387	188	AG
1	3833601	214	CG
1	3833639	38	TC
1	3836047	2186	TC
1	3836306	259	CG
1	3836656	301	GA
1	3838451	1581	CT
1	3841220	2703	GA
1	3844834	3249	AG
1	3845073	239	CT
1	3846288	1215	TC
1	3846381	93	GA
1	3846526	145	AC
1	3846839	313	GA
1	3849793	1787	TC
1	3850308	178	TC
1	3851470	792	TG
1	3851862	392	CT
1	3852090	131	GA
1	3852293	203	TC
1	3852641	348	AG
1	3855951	1503	CT
1	3855997	46	TC
1	3856197	200	CT
1	3856256	59	GT
1	3856290	34	AG
1	3856553	263	CT
1	3857321	750	GA
1	3857521	200	GT
1	3857540	19	TC
1	3857951	411	GA
1	3857953	2	TC
1	3857987	34	GT
1	3858049	62	CA
1	3858286	237	CT
1	3858547	170	GA
1	3858653	106	CT
1	3858755	76	AG
1	3858958	203	AG
1	3859742	410	CT
1	3859916	174	AG
1	3860176	260	GA
1	3860272	96	CT
1	3860482	210	GA
1	3860501	19	AG
1	3860917	416	CT
1	3861423	449	TC
1	3861536	113	TC
1	3861567	31	CT
1	3861571	4	AG
1	3861575	4	AG
1	3861790	215	TG
1	3861923	133	TC
1	3862589	470	CG
1	3862684	95	AG
1	3862689	5	AG
1	3862696	7	GC
1	3862802	106	CT
1	3863495	429	AG
1	3863765	270	AG
1	3864011	141	CT
1	3864015	4	TC
1	3864091	43	AG
1	3864140	49	AG
1	3864374	234	TC
1	3865195	394	GA
1	3865459	220	CG
1	3865559	100	CT
1	3865566	7	CT
1	3865785	53	TC
1	3865840	55	TC
1	3866276	436	TC
1	3867648	807	TG
1	3867892	244	CT
1	3868306	414	AC
1	3868578	272	TG
1	3869228	650	TC
1	3869229	1	GA
1	3869403	174	CT
1	3869411	8	GA
1	3869418	7	AG
1	3869429	11	TC
1	3869454	25	AG
1	3869507	53	TG
1	3869510	3	GA
1	3869871	361	TC
1	3870038	118	AG
1	3873370	718	GT
1	3873700	265	CG
1	3873714	14	CT
1	3873738	24	AG
1	3874942	760	GA
1	3875026	84	CT
1	3876171	608	CT
1	3876604	433	AG
1	3876754	150	AC
1	3877257	394	CT
1	3877271	14	CT
1	3877528	257	CT
1	3877584	56	AG
1	3877736	152	CT
1	3877789	53	TC
1	3878902	441	TC
1	3878982	80	TC
1	3879963	492	AG
1	3879973	10	GA
1	3880308	335	CT
1	3880322	14	CT
1	3880436	114	AG
1	3880617	181	CG
1	3880781	164	TC
1	3880791	10	CT
1	3880806	15	GA
1	3880828	22	AT
1	3880864	36	CT
1	3880929	65	GC
1	3882261	239	TC
1	3882330	69	GA
1	3882406	76	CT
1	3882518	112	AG
1	3882563	45	GC
1	3882661	98	AG
1	3884316	1165	CT
1	3884520	204	CG
1	3887726	1824	GA
1	3888091	365	TA
1	3890608	1966	TC
1	3890814	206	TC
1	3890824	10	CG
1	3891373	197	AG
1	3891397	24	TC
1	3893582	73	GC
1	3893888	306	CT
1	3899301	2305	AG
1	3899477	121	AG
1	3899482	5	AT
1	3899487	5	AG
1	3899563	76	TA
1	3899591	28	AG
1	3899598	7	GC
1	3899764	166	GT
1	3899773	9	AC
1	3899946	173	TC
1	3900069	123	TC
1	3900267	95	TC
1	3900441	174	CG
1	3901176	551	TC
1	3901646	470	GC
1	3902162	440	AG
1	3902610	139	AG
1	3903169	559	GA
1	3904602	624	GA
1	3905110	247	TC
1	3905198	88	TC
1	3905397	199	GA
1	3905436	39	TC
1	3905770	214	GA
1	3906348	356	AG
1	3906702	354	CG
1	3907002	300	AG
1	3907015	13	GC
1	3907356	260	TC
1	3908661	949	TG
1	3911904	1325	TA
1	3911998	94	CT
1	3912709	448	TC
1	3914920	862	AG
1	3915153	233	CT
1	3915879	490	GA
1	3918191	1032	GA
1	3921553	2386	GT
1	3923256	1222	GC
1	3926035	1568	TC
1	3926098	63	GT
1	3928151	1456	GT
1	3928183	32	AG
1	3928382	199	CG
1	3928998	616	CT
1	3929002	4	TC
1	3930226	490	CG
1	3930668	106	TC
1	3930682	14	AC
1	3930783	101	GA
1	3931239	347	TC
1	3931434	158	GA
1	3931448	14	AG
1	3931687	239	AG
1	3931767	80	CT
1	3932058	48	GA
1	3932099	41	GA
1	3935033	2290	AG
1	3941954	5867	TG
1	3951805	7228	AG
1	3954934	2776	GA
1	3954960	26	TC
1	3958174	2499	AT
1	3958185	11	GA
1	3958995	810	AG
1	3959796	95	CT
1	3959797	1	AG
1	3959840	43	AT
1	3959900	60	AT
1	3959911	11	GA
1	3960244	333	AG
1	3962535	559	TC
1	3965421	1894	TA
1	3965422	1	AT
1	3970796	3527	GA
1	3971041	245	GA
1	3972519	924	CG
1	3973402	717	AG
1	3974788	1015	GA
1	3975861	983	AG
1	3976339	478	CG
1	3976346	7	GC
1	3978647	1767	CG
1	3979880	1200	AG
1	3981116	1140	CT
1	3981198	82	TC
1	3981296	98	GA
1	3981374	78	CT
1	3981618	244	CT
1	3981952	334	TC
1	3981958	6	TC
1	3983457	1351	GA
1	3984409	952	AG
1	3984519	110	GA
1	3984524	5	GA
1	3985058	534	CT
1	3987623	1881	TC
1	3989213	635	GA
1	3989256	43	CT
1	3989517	261	TC
1	3990742	634	GT
1	3990815	73	TG
1	3990856	41	GA
1	3991009	153	TC
1	3991127	118	TC
1	3991612	336	CA
1	3991664	52	GC
1	3992622	446	AG
1	3992675	53	TC
1	3992689	14	AC
1	3992742	53	TC
1	3992766	24	AG
1	3993559	303	GT
1	3993603	44	CT
1	3993721	118	CG
1	3993722	1	TC
1	3994187	465	AG
1	3994533	346	TG
1	3995814	466	TC
1	3996153	339	AG
1	3996169	16	TG
1	3997641	735	CT
1	3997870	28	CT
1	4000902	2162	GC
1	4001503	135	CT
1	4001663	160	CT
1	4001754	91	TC
1	4002035	178	AG
1	4003637	1518	CA
1	4004989	1065	GA
1	4005907	918	TG
1	4006107	200	AG
1	4006317	210	CT
1	4006436	119	CT
1	4007081	580	AG
1	4007952	791	AC
1	4009097	759	CT
1	4009640	543	AG
1	4009952	312	GA
1	4010137	185	AC
1	4012486	2349	CA
1	4012909	423	TC
1	4013324	415	TA
1	4013353	29	CT
1	4014479	1104	GA
1	4014927	448	AC
1	4017610	2581	AC
1	4017963	326	AG
1	4018326	330	TC
1	4018453	127	GA
1	4018881	428	GC
1	4018941	60	GC
1	4019444	503	TC
1	4019637	193	CT
1	4021797	2089	GA
1	4023705	1804	CT
1	4024528	758	GC
1	4025757	1229	TC
1	4027698	1916	CT
1	4029558	1297	CT
1	4029597	39	GT
1	4029747	150	TC
1	4029877	130	TC
1	4030753	707	AG
1	4039705	6909	AG
1	4040123	275	TC
1	4040247	124	AG
1	4040535	288	CT
1	4043779	1240	AG
1	4045209	1352	GA
1	4046383	1046	AC
1	4046399	16	GA
1	4047116	493	TC
1	4048201	228	GC
1	4048765	250	TC
1	4048897	132	GA
1	4049225	328	TC
1	4049676	260	AG
1	4049702	26	CA
1	4050094	95	TC
1	4050170	76	AG
1	4050271	101	AG
1	4050663	392	CA
1	4050691	28	AC
1	4050929	238	GA
1	4051121	192	TG
1	4051372	211	TC
1	4051374	2	AG
1	4051436	62	CT
1	4051652	41	GT
1	4051698	46	AG
1	4051727	29	CT
1	4051784	57	TC
1	4051804	20	CT
1	4051903	99	GA
1	4051931	28	AG
1	4052423	452	CT
1	4052522	99	AT
1	4052977	310	TC
1	4053058	81	AG
1	4053412	179	AG
1	4053421	9	AG
1	4053455	34	AG
1	4053544	89	TG
1	4053547	3	GC
1	4054057	105	AC
1	4054110	53	CG
1	4055371	861	GA
1	4055621	189	GA
1	4055647	26	CT
1	4056207	560	CT
1	4056270	63	TC
1	4057104	834	CG
1	4057279	175	TC
1	4057436	157	GA
1	4061678	4010	AG
1	4062391	687	GA
1	4063922	1196	TA
1	4064038	116	CA
1	4064378	340	CA
1	4064416	38	TC
1	4064447	31	AG
1	4065736	611	GC
1	4065744	8	AG
1	4067910	1366	TC
1	4069282	1081	TC
1	4069724	442	GA
1	4071392	1339	AG
1	4071508	116	TC
1	4071657	60	GA
1	4071796	139	CT
1	4071877	81	GA
1	4073096	926	AG
1	4074111	546	TC
1	4074133	22	GA
1	4074246	113	GA
1	4074308	62	CT
1	4074309	1	AG
1	4074373	64	AG
1	4074578	205	TC
1	4074603	25	TC
1	4074843	240	CT
1	4074942	99	TC
1	4074950	8	CT
1	4074969	19	TG
1	4074990	21	TC
1	4075209	219	TC
1	4075284	75	CT
1	4075443	159	TG
1	4075927	179	GA
1	4076004	77	AG
1	4078167	536	TC
1	4078587	53	AG
1	4078903	316	GC
1	4078910	7	CA
1	4078923	13	CT
1	4078955	32	GA
1	4079045	90	TC
1	4080097	177	TC
1	4080995	106	AT
1	4081802	773	GT
1	4084620	1987	CT
1	4085101	433	AT
1	4086744	1294	CT
1	4087004	260	AG
1	4087018	14	TC
1	4087072	54	GA
1	4087085	13	GA
1	4087090	5	GC
1	4087794	704	TC
1	4087831	37	GA
1	4087843	12	TG
1	4087964	121	CA
1	4088142	178	GA
1	4088340	198	TC
1	4088485	54	TG
1	4089204	673	AG
1	4092334	2512	CT
1	4094155	1271	GA
1	4094653	498	AG
1	4095073	420	CA
1	4095114	41	TC
1	4095138	24	GA
1	4095164	26	TA
1	4095347	183	CT
1	4095349	2	CG
1	4095386	37	GA
1	4095900	36	TG
1	4096700	384	GA
1	4096837	108	GA
1	4096887	50	CT
1	4096907	20	CT
1	4097235	328	TG
1	4097414	179	TG
1	4098163	749	AG
1	4098205	42	AG
1	4098219	14	AG
1	4098224	5	AC
1	4098375	151	TC
1	4098387	12	AT
1	4098422	35	AG
1	4098478	56	AG
1	4098523	45	GA
1	4098935	339	GA
1	4099081	16	GC
1	4099084	3	GA
1	4099411	120	GT
1	4099436	25	CT
1	4100437	363	CT
1	4100962	415	CT
1	4101621	659	AG
1	4102269	648	TC
1	4102271	2	CA
1	4102357	86	CT
1	4102388	31	GA
1	4102440	52	CT
1	4102504	64	GA
1	4102996	83	GA
1	4103158	162	TC
1	4103540	331	CT
1	4103600	60	GA
1	4103619	19	TC
1	4103637	18	GA
1	4103728	91	AG
1	4103753	25	GA
1	4103770	17	TA
1	4103899	129	TC
1	4103924	25	TC
1	4103955	31	TC
1	4104109	154	GA
1	4104251	142	AG
1	4104275	24	TC
1	4104349	74	GA
1	4104499	150	GA
1	4104534	35	GA
1	4104546	12	GA
1	4104664	118	GA
1	4104834	170	CA
1	4104857	23	CT
1	4104914	57	GA
1	4104975	61	GA
1	4105058	83	CT
1	4105081	23	CT
1	4105198	117	AG
1	4105238	40	TC
1	4106619	317	TC
1	4107814	521	AG
1	4107844	30	TC
1	4110346	1543	AT
1	4110452	106	CG
1	4110482	30	AG
1	4110854	124	AG
1	4111255	236	AG
1	4114167	2205	TC
1	4116150	1624	AC
1	4116417	267	CA
1	4116770	353	TC
1	4116947	177	CT
1	4117164	217	GT
1	4118012	667	CT
1	4120438	1959	GA
1	4121342	878	GA
1	4121467	125	AT
1	4121698	231	CT
1	4121789	91	TC
1	4121791	2	TG
1	4121895	104	GA
1	4122182	287	AC
1	4122226	44	CT
1	4124663	1271	CA
1	4124723	60	AG
1	4124730	7	CA
1	4125487	737	TG
1	4125502	15	AC
1	4125551	49	GA
1	4125792	241	GA
1	4125804	12	TG
1	4125818	14	AG
1	4126532	275	TA
1	4129847	1851	AT
1	4134837	4469	CT
1	4147938	9536	GA
1	4182677	24686	CT
1	4183253	270	AG
1	4183348	95	AG
1	4183350	2	TC
1	4184771	1112	CG
1	4184812	41	TC
1	4185064	252	GA
1	4185454	390	GA
1	4185477	23	CT
1	4185522	45	AG
1	4185562	40	CT
1	4185579	17	CT
1	4185612	33	CT
1	4186203	198	AG
1	4186229	26	CT
1	4186326	97	GA
1	4186409	83	CT
1	4186586	111	GT
1	4186595	9	TC
1	4186619	24	CA
1	4186621	2	CT
1	4186667	46	CT
1	4187667	417	AG
1	4187857	190	TC
1	4188137	153	AG
1	4188836	372	AC
1	4189159	282	CT
1	4189276	117	AG
1	4189742	466	CT
1	4190273	531	AG
1	4190620	72	GC
1	4190684	64	GA
1	4190693	9	GA
1	4190724	31	TC
1	4191311	345	AG
1	4191313	2	TC
1	4191330	17	AG
1	4192642	474	AG
1	4193102	302	AG
1	4193230	128	AG
1	4193376	146	CT
1	4193528	152	GA
1	4193632	104	CT
1	4193885	77	GA
1	4194170	285	AG
1	4196139	1420	CG
1	4196457	318	GA
1	4196508	51	GC
1	4197111	248	TC
1	4197149	38	AG
1	4197374	225	CT
1	4197378	4	CT
1	4198079	385	AG
1	4198099	20	CA
1	4198131	32	TC
1	4198448	317	CT
1	4198677	229	TG
1	4198744	67	AG
1	4199753	849	TC
1	4200185	432	CT
1	4200450	265	AC
1	4201754	1160	CT
1	4202178	424	GA
1	4204605	2367	TC
1	4204635	30	CA
1	4204828	193	GA
1	4204855	27	GA
1	4204858	3	AG
1	4204987	129	TC
1	4204992	5	CT
1	4205052	60	TG
1	4205741	657	CT
1	4206573	832	GA
1	4207045	472	TC
1	4209185	1813	GA
1	4209241	56	CG
1	4209272	31	GT
1	4209413	141	GC
1	4209604	191	TC
1	4209616	12	TC
1	4209617	1	GA
1	4209875	258	AC
1	4210068	193	GT
1	4210101	33	GA
1	4211903	1802	TC
1	4212427	82	TC
1	4212561	134	GA
1	4212711	150	AG
1	4212728	17	CT
1	4212795	67	GA
1	4212819	24	TC
1	4212872	53	TC
1	4213254	124	AG
1	4213262	8	AC
1	4213511	249	GT
1	4213543	32	TC
1	4213668	125	TC
1	4213675	7	GT
1	4213686	11	AG
1	4213834	148	GA
1	4213893	59	AG
1	4214178	285	TC
1	4214253	75	GA
1	4214367	114	GA
1	4214722	294	CT
1	4214956	234	GA
1	4215004	48	CG
1	4215065	61	AC
1	4215113	48	CT
1	4215162	49	TC
1	4215429	267	TC
1	4215468	39	TC
1	4216232	764	GA
1	4216247	15	GA
1	4219873	2796	CT
1	4220442	569	TC
1	4220744	302	GA
1	4221956	1212	AG
1	4222791	716	TC
1	4223998	1185	CT
1	4224303	305	CG
1	4224576	273	AG
1	4225872	1253	TC
1	4226119	247	AG
1	4226269	150	GT
1	4226303	34	GA
1	4226675	334	TC
1	4227488	795	CT
1	4229947	1519	GA
1	4232905	2808	AG
1	4235267	2176	AG
1	4240553	5102	CT
1	4240642	89	TC
1	4240745	103	GA
1	4240896	151	CT
1	4241440	544	TC
1	4241751	311	AG
1	4241877	126	AT
1	4242170	293	GA
1	4242594	387	GT
1	4243062	468	TC
1	4246037	2487	GT
1	4246131	94	GA
1	4246252	121	TA
1	4246263	11	GT
1	4246368	105	CT
1	4246427	59	TG
1	4246520	93	AG
1	4246532	12	TA
1	4246593	61	GA
1	4246617	24	CT
1	4246869	252	CT
1	4246944	75	AG
1	4246966	22	CA
1	4246976	10	TC
1	4246977	1	GA
1	4246987	10	GA
1	4247257	270	GA
1	4247297	40	CT
1	4247350	53	GA
1	4247596	246	TC
1	4248718	916	CT
1	4249798	693	AG
1	4249843	45	CT
1	4250456	613	GC
1	4250538	82	TC
1	4252184	960	CA
1	4252317	133	AG
1	4252524	207	AG
1	4252901	377	TC
1	4253043	142	GA
1	4253571	528	AC
1	4253740	169	CA
1	4253762	22	GT
1	4253855	93	CT
1	4254455	292	TG
1	4255296	341	TC
1	4255516	220	AG
1	4255565	49	TG
1	4255575	10	GA
1	4255668	93	AG
1	4255889	221	TC
1	4255991	102	CT
1	4256026	35	GC
1	4256138	112	AG
1	4256147	9	AG
1	4256246	99	TC
1	4256479	233	TC
1	4256487	8	TA
1	4256554	67	TC
1	4256573	19	AG
1	4256581	8	TA
1	4256629	48	CT
1	4256665	36	GC
1	4256760	95	CT
1	4256940	180	CT
1	4256956	16	AG
1	4257375	419	CT
1	4257377	2	GA
1	4257422	45	AG
1	4257936	514	GA
1	4258230	294	CT
1	4258251	21	TG
1	4258516	265	AT
1	4258535	19	TC
1	4258681	146	TC
1	4258688	7	AG
1	4258767	79	GA
1	4259578	703	CT
1	4259608	30	GC
1	4259646	38	TC
1	4260099	278	AG
1	4260105	6	AT
1	4260243	138	CT
1	4260251	8	AG
1	4260353	102	TC
1	4260428	75	GC
1	4260497	69	TG
1	4265919	4648	TA
1	4265970	51	TG
1	4267258	505	TC
1	4267296	38	TC
1	4267301	5	AG
1	4269307	485	TG
1	4270021	714	GT
1	4271605	1584	CT
1	4271615	10	GA
1	4272068	453	AG
1	4273704	1636	GT
1	4276015	1911	AG
1	4277228	939	TC
1	4277749	521	AG
1	4278167	418	GA
1	4278330	163	GC
1	4278520	190	CT
1	4278612	92	CG
1	4279456	844	GA
1	4280164	657	GA
1	4280197	33	CG
1	4280273	76	CT
1	4280294	21	CT
1	4280544	168	GA
1	4281898	1354	TC
1	4281942	44	TC
1	4282024	82	TC
1	4283724	394	GC
1	4283734	10	CT
1	4283773	39	CT
1	4283781	8	TC
1	4283846	65	CT
1	4285328	1118	CT
1	4285700	170	AG
1	4287463	1492	CT
1	4288742	738	AG
1	4288939	197	GA
1	4289777	546	AG
1	4289940	163	GA
1	4290020	80	AG
1	4290135	115	TG
1	4290256	121	GC
1	4290730	474	CT
1	4291021	291	TC
1	4291312	73	GC
1	4293360	1908	GA
1	4294498	611	GA
1	4294787	289	TC
1	4294847	60	GT
1	4294851	4	TA
1	4294868	17	AG
1	4295086	218	TA
1	4295147	61	CT
1	4296121	874	CT
1	4296213	92	TC
1	4296805	592	GA
1	4296912	107	CT
1	4296913	1	AG
1	4296936	23	TC
1	4296938	2	CT
1	4296954	16	CT
1	4296996	42	CT
1	4297031	35	GC
1	4297063	32	CT
1	4297225	162	AG
1	4297621	396	GA
1	4298019	398	CA
1	4298044	25	CT
1	4298094	50	CG
1	4298322	228	TA
1	4298347	25	AG
1	4298633	286	CT
1	4299093	460	AT
1	4299267	174	GA
1	4299431	164	CG
1	4299708	277	GA
1	4299722	14	GA
1	4299917	195	AG
1	4300034	117	TC
1	4300384	350	TC
1	4300539	155	GA
1	4300596	57	AG
1	4300620	24	AG
1	4300622	2	GA
1	4305837	2118	GA
1	4305923	86	CT
1	4308771	1690	GT
1	4308774	3	AG
1	4308775	1	GA
1	4308951	99	AG
1	4308954	3	CT
1	4309002	48	GA
1	4309820	795	GT
1	4309881	61	TC
1	4310044	163	TC
1	4310744	667	AT
1	4310765	21	AG
1	4321277	7829	AG
1	4322379	899	TC
1	4324022	1237	CT
1	4324102	80	AG
1	4324261	159	TC
1	4324976	342	GA
1	4325011	35	GA
1	4325084	73	AG
1	4325272	188	AG
1	4325383	111	TC
1	4326710	1031	AC
1	4326919	180	AG
1	4327082	163	AC
1	4327329	247	GA
1	4327354	25	AG
1	4327371	17	GT
1	4327391	20	GA
1	4327403	12	AG
1	4327479	76	AG
1	4327529	50	TG
1	4328677	777	TC
1	4328687	10	GA
1	4328752	65	GA
1	4328982	230	CT
1	4330554	1176	CG
1	4332236	1422	GA
1	4333275	766	AC
1	4333626	334	TC
1	4334567	520	GA
1	4335345	556	CT
1	4336493	847	CT
1	4337818	921	TC
1	4339817	1288	TC
1	4340825	545	TC
1	4340843	18	CA
1	4340970	127	TC
1	4343463	1999	GT
1	4344498	594	TG
1	4345591	481	TC
1	4345944	353	TC
1	4346550	114	CT
1	4346669	119	CG
1	4346809	140	CT
1	4347164	355	GA
1	4348280	685	AG
1	4348445	165	TA
1	4348543	98	TC
1	4348550	7	AG
1	4348589	39	AG
1	4348784	195	GA
1	4348931	147	CT
1	4348936	5	AC
1	4349020	84	AG
1	4349823	661	GT
1	4350012	189	CG
1	4350230	218	TC
1	4350533	211	TC
1	4350620	87	TA
1	4350622	2	AG
1	4350706	84	AG
1	4352761	1264	GA
1	4352806	45	AG
1	4352869	63	AG
1	4352872	3	TC
1	4352955	83	TC
1	4352985	9	AG
1	4353024	39	TG
1	4353096	72	TC
1	4353208	112	TC
1	4353230	22	TC
1	4353314	84	CG
1	4353347	33	GC
1	4353544	55	TC
1	4353753	209	CA
1	4353757	4	AG
1	4353919	162	GA
1	4353960	41	CT
1	4354121	161	AG
1	4354300	143	AG
1	4354351	51	GA
1	4354987	352	CT
1	4355094	107	CA
1	4355357	263	AG
1	4355542	140	TC
1	4355716	174	GA
1	4355839	123	AG
1	4356038	199	AG
1	4356434	370	GA
1	4356810	376	TC
1	4357262	452	AT
1	4357305	43	AG
1	4357596	127	GA
1	4357754	158	CT
1	4357774	20	TC
1	4357808	34	GA
1	4358049	241	CT
1	4358351	302	CA
1	4358376	25	TC
1	4358424	48	CA
1	4358455	31	GC
1	4358555	100	GA
1	4358941	386	CT
1	4360156	1145	AG
1	4361532	1022	CT
1	4362594	739	CT
1	4364461	1867	GA
1	4365042	581	CT
1	4365196	154	AG
1	4366080	439	CT
1	4366345	240	GA
1	4366483	138	GA
1	4366641	158	GA
1	4367087	417	AG
1	4367138	51	GA
1	4367356	218	GA
1	4367451	95	CT
1	4367464	13	AG
1	4367593	129	CT
1	4367596	3	CT
1	4368088	442	GA
1	4368211	123	CG
1	4368497	286	CT
1	4368702	156	CG
1	4368874	172	AG
1	4369707	833	CT
1	4370982	1275	TC
1	4370997	15	GA
1	4371074	77	TC
1	4371107	33	AG
1	4371421	314	GA
1	4371846	425	CA
1	4371920	74	AG
1	4372002	82	TC
1	4372256	254	CT
1	4372375	119	AG
1	4372390	15	AC
1	4372391	1	GT
1	4372398	7	TC
1	4372447	49	CT
1	4372553	106	CT
1	4372585	32	GT
1	4372655	70	CT
1	4372797	142	AG
1	4372818	21	TC
1	4373568	709	AG
1	4373608	40	GA
1	4374046	438	AG
1	4374334	288	AG
1	4374408	74	AT
1	4374569	161	CT
1	4374576	7	TC
1	4374640	64	AG
1	4374831	191	AG
1	4374872	41	GA
1	4374900	28	GA
1	4375939	658	AG
1	4376186	247	TA
1	4376249	63	AG
1	4376363	114	TC
1	4376374	11	TC
1	4376440	66	TC
1	4376483	43	CT
1	4376608	125	CG
1	4376615	7	GA
1	4376639	24	GA
1	4376684	45	GA
1	4376687	3	TC
1	4376748	61	TC
1	4376792	44	GA
1	4377109	206	TC
1	4377198	89	TC
1	4377202	4	TC
1	4377335	133	AG
1	4377481	146	AT
1	4377625	144	AG
1	4377697	72	AG
1	4377808	111	GA
1	4377814	6	GA
1	4378184	370	AG
1	4379016	548	AG
1	4383310	828	TC
1	4383761	451	TC
1	4383843	82	CT
1	4383962	119	GA
1	4383980	18	GA
1	4384416	436	CT
1	4385756	1340	TC
1	4386639	861	GA
1	4387306	598	TG
1	4387999	693	AC
1	4388044	45	TC
1	4388046	2	TG
1	4388106	60	AG
1	4388262	108	TC
1	4388291	29	CT
1	4388498	87	TC
1	4388501	3	CG
1	4388519	18	GA
1	4388534	15	AG
1	4388733	199	AC
1	4388740	7	CT
1	4388768	28	TC
1	4388815	47	CG
1	4388873	58	GA
1	4388903	30	CT
1	4388974	71	AG
1	4389223	220	CT
1	4389308	85	CT
1	4389327	19	CA
1	4389332	5	CT
1	4389758	426	TC
1	4389795	37	TC
1	4389842	47	GA
1	4389990	148	CT
1	4389994	4	GC
1	4390098	104	AG
1	4390431	12	AG
1	4390457	26	CT
1	4391122	407	AG
1	4392578	336	GC
1	4393104	526	CT
1	4393105	1	CT
1	4393176	71	CT
1	4394041	624	GC
1	4394058	17	GT
1	4396582	1477	GC
1	4397523	870	TC
1	4399691	1648	CT
1	4400716	1025	AT
1	4402342	1626	CT
1	4402578	236	CT
1	4402642	64	TG
1	4402647	5	GA
1	4402701	54	CT
1	4402702	1	AG
1	4402878	176	AG
1	4402883	5	GA
1	4402990	107	GA
1	4403430	440	CT
1	4404297	711	GT
1	4404656	359	TC
1	4404826	170	TC
1	4404915	89	TC
1	4405152	237	GA
1	4405188	36	AG
1	4405258	70	TG
1	4405449	191	GC
1	4405503	54	GA
1	4405578	75	CG
1	4406655	782	TC
1	4409184	2088	TC
1	4410877	1660	CT
1	4411263	386	AG
1	4411445	182	CT
1	4412529	857	TC
1	4416039	2553	GA
1	4417005	966	CA
1	4417304	299	CG
1	4417789	485	AG
1	4418404	344	AC
1	4418838	434	GA
1	4418847	9	AG
1	4418984	137	TC
1	4419222	238	AG
1	4419277	55	GA
1	4419377	100	TC
1	4419398	21	GA
1	4419405	7	GA
1	4419560	155	AG
1	4419605	45	GA
1	4419690	85	TC
1	4419730	40	CT
1	4420223	493	GT
1	4420326	103	CT
1	4420405	79	CT
1	4420724	319	GA
1	4421316	528	TC
1	4421659	343	TC
1	4422266	607	CA
1	4422657	363	GA
1	4422949	292	TC
1	4424460	1511	AG
1	4424628	64	AG
1	4425034	406	AG
1	4426154	1045	AG
1	4426252	98	TC
1	4429996	3626	AG
1	4430099	103	GT
1	4430873	774	CT
1	4430933	60	TC
1	4431008	75	AG
1	4431011	3	CT
1	4433041	1841	AG
1	4434315	1274	GA
1	4434467	152	TA
1	4434891	424	GC
1	4435244	353	GC
1	4436138	850	CT
1	4436212	74	CT
1	4436319	107	TC
1	4436496	177	CT
1	4436536	40	GA
1	4436589	53	GA
1	4436618	29	AG
1	4442282	726	TC
1	4442792	510	GC
1	4443449	448	CA
1	4443689	240	AT
1	4443849	160	CT
1	4444070	221	CA
1	4445157	1087	GC
1	4445246	89	TC
1	4445260	14	CT
1	4445669	131	CG
1	4446163	494	GA
1	4446286	123	AG
1	4446343	57	CG
1	4446352	9	AG
1	4446815	463	TA
1	4446939	124	CT
1	4447159	172	GA
1	4447324	165	GC
1	4448236	764	AG
1	4448526	154	AG
1	4448718	192	AG
1	4448933	215	CG
1	4449095	162	TC
1	4451041	169	TC
1	4451616	332	GA
1	4451776	160	TC
1	4452937	1032	TC
1	4453668	731	CG
1	4454772	835	AG
1	4454876	104	AG
1	4454969	93	AG
1	4454976	7	AG
1	4454991	15	CG
1	4455057	66	GC
1	4455880	718	AG
1	4456054	174	TC
1	4456583	529	AG
1	4456711	128	GA
1	4456777	66	GA
1	4457316	489	GA
1	4457333	17	GA
1	4458215	882	GA
1	4458678	463	AG
1	4459566	888	GA
1	4459572	6	CT
1	4459591	19	GA
1	4461052	1461	CT
1	4462160	1035	AG
1	4462595	435	AG
1	4462665	70	GC
1	4462712	47	AG
1	4462757	45	GA
1	4462776	19	CG
1	4462859	83	CT
1	4463186	236	CT
1	4463253	67	AG
1	4463265	12	GA
1	4463284	19	TC
1	4463306	22	TG
1	4463324	18	GA
1	4463467	143	TG
1	4463469	2	CT
1	4463540	71	CT
1	4463610	70	CG
1	4463632	22	GA
1	4463697	65	TC
1	4463837	140	TG
1	4463983	146	GA
1	4463998	15	GC
1	4464157	159	TC
1	4464180	23	AT
1	4464364	129	TC
1	4464544	180	TC
1	4465484	774	GA
1	4465642	158	TC
1	4465999	186	CA
1	4466038	39	GT
1	4466058	20	AT
1	4466121	63	CT
1	4466142	21	GT
1	4466203	61	CT
1	4466453	250	GA
1	4466473	20	GA
1	4466501	28	CG
1	4466675	174	GA
1	4466711	36	CT
1	4466745	34	TC
1	4466746	1	AT
1	4467235	489	CA
1	4467246	11	TC
1	4467561	315	TC
1	4467712	151	AG
1	4467803	91	TC
1	4467819	16	GA
1	4467831	12	AG
1	4467858	27	GT
1	4468007	149	AG
1	4468047	40	CG
1	4468048	1	CT
1	4468478	430	CT
1	4468508	30	AG
1	4468630	122	TC
1	4468699	69	CT
1	4468723	24	AC
1	4468730	7	GA
1	4469024	30	AG
1	4469209	185	GC
1	4469741	305	AG
1	4470056	112	TC
1	4470290	234	GT
1	4470486	196	GA
1	4470722	236	CT
1	4470755	33	GA
1	4470901	146	CT
1	4470911	10	CT
1	4470968	57	GA
1	4470981	13	GA
1	4471063	82	GA
1	4471087	24	AG
1	4471093	6	GA
1	4471249	156	GT
1	4471287	38	GA
1	4471508	221	GA
1	4471509	1	CT
1	4471574	65	GA
1	4471757	183	TC
1	4471801	44	AG
1	4471852	51	AG
1	4472021	169	GC
1	4472038	17	AG
1	4472150	112	AG
1	4472367	217	CT
1	4472477	110	CT
1	4472488	11	GA
1	4472505	17	AG
1	4472552	47	CT
1	4472572	20	AG
1	4472602	30	TC
1	4472724	122	GA
1	4473212	488	GA
1	4473342	130	GA
1	4473388	46	AG
1	4473470	82	CA
1	4473481	11	CT
1	4474136	655	CT
1	4474493	357	TG
1	4475503	941	GA
1	4475617	114	CT
1	4475932	315	AG
1	4475948	16	GA
1	4476087	139	TC
1	4476264	177	AG
1	4476309	45	TC
1	4477249	697	CT
1	4477327	78	TC
1	4477334	7	AG
1	4477569	235	CT
1	4477730	161	TC
1	4477821	91	AG
1	4478524	592	GA
1	4478897	342	CT
1	4479209	312	AG
1	4479227	18	TC
1	4479638	411	CG
1	4479667	29	GA
1	4479694	27	AG
1	4479721	27	GA
1	4479841	120	CT
1	4479952	111	GA
1	4480148	196	TA
1	4480778	286	TC
1	4480898	120	AG
1	4481034	136	GA
1	4481133	99	CT
1	4481359	187	TC
1	4481583	224	GA
1	4482226	309	GT
1	4482417	191	CT
1	4482430	13	AG
1	4482689	259	GT
1	4482742	53	AG
1	4483700	791	CT
1	4483786	86	CT
1	4485402	1345	GA
1	4485441	39	AT
1	4486489	1019	CT
1	4487029	139	GA
1	4487111	82	AT
1	4487251	140	GA
1	4487278	27	GA
1	4487321	43	CT
1	4487334	13	AT
1	4487340	6	GA
1	4487652	121	CT
1	4487697	45	GA
1	4487851	154	GA
1	4488032	181	TC
1	4488954	721	AG
1	4489001	47	TC
1	4489380	208	AG
1	4489787	287	GA
1	4490194	291	AG
1	4490677	382	TC
1	4490789	76	TC
1	4490813	24	AG
1	4490823	10	CT
1	4490939	116	AG
1	4491312	350	GC
1	4491361	49	AG
1	4491540	179	TC
1	4491545	5	GC
1	4491608	63	TC
1	4491636	28	GA
1	4492016	343	GA
1	4492144	128	TC
1	4492296	64	CT
1	4492475	179	GC
1	4492592	117	GA
1	4492678	58	AG
1	4492683	5	TC
1	4492690	7	TC
1	4492728	38	GT
1	4492755	27	AG
1	4493004	249	AG
1	4493030	26	TC
1	4493043	13	CT
1	4493055	12	CT
1	4493065	10	GA
1	4493411	346	CG
1	4494336	772	AG
1	4494460	124	AG
1	4494502	42	GT
1	4497324	2124	GA
1	4497362	38	AG
1	4497659	240	CG
1	4498037	292	GA
1	4498266	165	TC
1	4498350	84	CA
1	4498788	438	TC
1	4499162	292	CT
1	4499163	1	AG
1	4499373	210	TG
1	4499430	57	CT
1	4499473	43	CT
1	4499861	86	CT
1	4499929	68	AG
1	4500036	107	TC
1	4500153	77	GA
1	4500403	150	TC
1	4500505	102	GA
1	4501176	548	GA
1	4502227	729	AC
1	4502348	121	GA
1	4502406	58	AG
1	4502618	212	GA
1	4502672	54	AG
1	4503137	313	GT
1	4503166	29	TC
1	4503733	458	TC
1	4503874	141	CT
1	4504037	163	TC
1	4505292	401	AC
1	4505750	458	AT
1	4506225	264	CT
1	4506752	157	AG
1	4507653	901	CG
1	4507828	175	AG
1	4507899	71	CT
1	4509011	450	TC
1	4509224	213	GC
1	4509237	13	CT
1	4509453	120	GA
1	4509605	152	CT
1	4509659	54	TC
1	4509676	17	AG
1	4509766	90	TC
1	4510040	249	AG
1	4510044	4	TC
1	4510149	105	TC
1	4510150	1	GA
1	4510243	93	AG
1	4510746	395	CT
1	4512321	1349	TC
1	4512382	61	TC
1	4514605	553	TC
1	4514694	89	TC
1	4515276	434	CG
1	4515776	500	GA
1	4516085	309	CA
1	4517423	1119	AC
1	4518706	1156	GA
1	4519091	385	TA
1	4521053	1187	GA
1	4522436	960	CG
1	4524484	1571	GA
1	4526013	736	CT
1	4527155	418	TC
1	4527438	235	GA
1	4527554	116	CT
1	4528306	752	TC
1	4528481	175	AT
1	4530623	1890	GA
1	4530640	17	AC
1	4530942	256	AT
1	4531367	210	GT
1	4533089	139	TC
1	4533458	369	TC
1	4533459	1	GA
1	4533814	238	TG
1	4535099	1261	CT
1	4535129	30	CT
1	4535467	338	CG
1	4535575	108	GA
1	4535596	21	TC
1	4535986	169	TC
1	4536109	123	TC
1	4536311	202	AG
1	4536392	81	AC
1	4536541	149	AG
1	4536674	133	AG
1	4536683	9	GA
1	4537052	238	AG
1	4537170	118	GC
1	4537296	126	AC
1	4537506	210	AG
1	4538020	514	AG
1	4538087	67	GA
1	4538174	87	CT
1	4538219	45	AG
1	4538996	730	CT
1	4539517	363	TC
1	4539701	184	TA
1	4540269	383	TC
1	4540603	306	CG
1	4541177	574	AG
1	4541184	7	TC
1	4541535	351	AG
1	4541797	221	AG
1	4541990	193	GT
1	4542041	51	TC
1	4542218	177	GA
1	4542328	110	CT
1	4542357	29	GA
1	4542362	5	AG
1	4543832	954	AT
1	4544044	212	AG
1	4545360	532	AG
1	4545502	142	GC
1	4545510	8	AG
1	4545723	213	AC
1	4545739	16	GA
1	4545980	241	TC
1	4546918	250	GA
1	4546921	3	TG
1	4546996	75	CT
1	4549388	1368	AC
1	4549673	285	GA
1	4549749	76	CT
1	4550438	240	CT
1	4550445	7	CT
1	4550543	98	TC
1	4551472	227	GC
1	4551559	87	GA
1	4558855	4907	TC
1	4559264	409	AG
1	4559300	36	TG
1	4559505	205	AG
1	4567538	6123	CG
1	4588125	13476	TC
1	4588702	146	AG
1	4588776	74	TC
1	4589152	300	GT
1	4589155	3	AG
1	4589163	8	CT
1	4589164	1	AG
1	4589199	35	CT
1	4589210	11	CT
1	4589249	39	AT
1	4590563	1245	GA
1	4593725	734	GT
1	4594720	644	CT
1	4594739	19	GC
1	4594867	128	GT
1	4595409	100	TC
1	4595447	38	TC
1	4595450	3	AG
1	4595477	27	CT
1	4595505	28	CT
1	4595615	110	GA
1	4595927	247	CT
1	4595958	31	AG
1	4597478	995	AC
1	4597547	69	CG
1	4597779	232	AG
1	4598332	117	AG
1	4598358	26	CT
1	4598555	197	CT
1	4598814	259	CT
1	4599243	364	TC
1	4599969	575	GA
1	4600828	597	AG
1	4601338	510	CA
1	4601399	61	TC
1	4602401	724	GA
1	4603164	738	CG
1	4603872	708	CT
1	4603942	70	CA
1	4606937	1906	AT
1	4611065	2242	AC
1	4611157	92	TC
1	4614082	1932	TC
1	4617034	2498	TC
1	4623083	3132	CT
1	4628768	3840	CT
1	4637173	6383	CT
1	4639033	1389	TC
1	4639904	499	CG
1	4640558	654	AG
1	4641049	491	AG
1	4642381	614	CA
1	4646183	3003	TC
1	4648425	1475	TC
1	4648641	216	CG
1	4649367	168	CT
1	4653265	1868	AC
1	4655899	2219	TC
1	4656027	128	CT
1	4658967	1526	AG
1	4660303	432	GT
1	4660558	255	CG
1	4660864	160	AG
1	4661118	254	TG
1	4661383	265	GA
1	4662152	623	AG
1	4662188	36	CT
1	4663010	822	GA
1	4663066	56	CG
1	4663237	27	AG
1	4663467	230	CT
1	4663659	192	AG
1	4664343	684	GA
1	4664679	310	TC
1	4664765	86	GA
1	4665673	908	TC
1	4666599	490	CT
1	4667689	830	AG
1	4668297	344	GA
1	4668328	31	GC
1	4668503	175	AG
1	4668529	26	GA
1	4668840	311	AC
1	4668856	16	CT
1	4670273	1252	CT
1	4671588	1315	GA
1	4675810	3098	CT
1	4704358	20608	AG
1	4707916	3398	CT
1	4748738	31459	TC
1	4748886	87	TC
1	4749395	439	GC
1	4750958	688	GC
1	4751263	305	GA
1	4751273	10	CT
1	4751409	136	CT
1	4752148	609	AG
1	4801771	37213	GT
1	4807473	3631	TC
1	4814254	5701	CG
1	4814704	203	CG
1	4815013	309	GA
1	4815251	238	AG
1	4815290	39	GA
1	4826093	8558	AG
1	4880215	46451	TC
1	4881757	1139	GA
1	4883890	1704	GA
1	4884581	413	CT
1	4885924	699	AG
1	4886044	120	TC
1	4886055	11	AG
1	4886483	428	AG
1	4886734	251	CT
1	4889249	1398	GA
1	4889268	19	TC
1	4890173	672	AG
1	4896198	3699	AG
1	4896264	66	AG
1	4897042	272	CA
1	4899128	1698	GA
1	4902945	3214	GA
1	4903206	205	GC
1	4906401	2019	TG
1	4934474	24264	GC
1	4936087	1613	GA
1	4937998	1817	GA
1	4938385	265	CA
1	4938561	176	AG
1	4944087	2960	TC
1	4944291	204	GA
1	4944434	143	CG
1	4944568	134	TA
1	4945455	611	AC
1	4945751	296	CG
1	4946151	400	AG
1	4947692	1119	GT
1	4947712	20	CG
1	4949261	1549	TG
1	4950674	1307	AG
1	4950726	52	TC
1	4950785	59	AG
1	4951177	161	CA
1	4951289	112	CT
1	4952202	834	GA
1	4953122	797	TC
1	4953287	165	AG
1	4954146	471	CT
1	4954470	90	AG
1	4956987	900	GT
1	4962300	612	CT
1	4963856	659	GT
1	4963859	3	TC
1	4964356	453	TC
1	4964403	47	TC
1	4964570	167	CA
1	4964881	311	CT
1	4965843	962	CT
1	4965860	17	AG
1	4965987	127	CT
1	4966138	151	AG
1	4966539	58	AG
1	4966786	247	TC
1	4966909	123	AG
1	4967363	408	CT
1	4967835	472	CT
1	4971304	2644	AG
1	4971310	6	TC
1	4974229	2383	GA
1	4976561	1840	AT
1	4980856	3921	CT
1	4981467	611	CT
1	4983425	1629	AC
1	4983948	523	GT
1	4984027	79	CT
1	4984917	591	CT
1	4985305	337	TC
1	4985996	635	GT
1	4986009	13	GT
1	4987181	983	GC
1	4987290	109	CT
1	4988940	930	CT
1	4989078	138	AG
1	4989386	308	AG
1	4989429	43	CG
1	4989462	33	TG
1	4991044	1299	CA
1	4991480	379	CT
1	4991693	70	CG
1	4991943	250	TG
1	4992398	455	AG
1	4992537	139	AC
1	4992553	16	AG
1	4992988	415	GC
1	4993355	367	CT
1	4993586	193	TC
1	4993961	318	GA
1	4994183	222	CG
1	4994376	193	GC
1	4994497	121	AG
1	4994515	18	AT
1	4994838	323	TC
1	4994952	114	GA
1	4995050	98	GA
1	4996914	884	TA
1	4997827	748	TC
1	4997831	4	AG
1	4998743	839	GA
1	4998843	100	GA
1	4998989	146	TA
1	9663030	2857868	GT
1	9680344	12241	TC
1	9809111	101795	CT
1	9863369	42736	AG
1	9914659	38540	CT
1	9956089	23476	CT
1	9964468	8061	CT
1	9982040	10862	GC
1	9982180	140	CA
1	9985335	2805	AC
1	12669579	2669579	CT
1	14429340	1431575	AG
1	15000483	483	TG
1	15001429	683	TC
1	15002207	240	AG
1	15002523	316	AG
1	15002601	78	AG
1	15003611	827	AT
1	15004185	574	GC
1	15004745	404	TC
1	15005216	255	TC
1	15005495	279	CT
1	15005582	87	TC
1	15005921	222	CT
1	15006237	316	AG
1	15006912	675	TC
1	15006939	27	AG
1	15006987	48	GC
1	15007039	52	GA
1	15007113	74	GA
1	15008073	523	TC
1	15008100	27	TC
1	15008119	19	AG
1	15008184	65	TA
1	15008232	48	AG
1	15008243	11	AG
1	15008374	131	AT
1	15008375	1	GA
1	15008978	484	AT
1	15009040	62	GA
1	15009113	73	CT
1	15009200	87	TC
1	15009752	86	TC
1	15009753	1	GA
1	15011174	950	GA
1	15014461	2806	CA
1	15014641	180	TC
1	15015140	161	AG
1	15015303	163	AG
1	15016576	896	AG
1	15016582	6	CT
1	15016667	85	TC
1	15017533	613	CT
1	15017957	145	GA
1	15018471	514	TC
1	15018485	14	AG
1	15019664	272	CT
1	15019692	28	AC
1	15019786	94	CT
1	15019898	112	TC
1	15019901	3	CT
1	15020152	57	CT
1	15020640	182	TC
1	15020658	18	AG
1	15021491	211	GC
1	15022280	553	CT
1	15023518	929	AG
1	15023599	81	TC
1	15023774	112	AG
1	15023784	10	CT
1	15023917	133	CT
1	15023999	82	TC
1	15024004	5	TC
1	15024236	66	CT
1	15024465	229	CT
1	15027203	298	TG
1	15027266	63	TG
1	15027441	175	CA
1	15028366	540	AC
1	15028965	436	CT
1	15029278	313	GA
1	15029498	220	GC
1	15029527	29	CT
1	15029721	194	GA
1	15030724	259	GA
1	15030942	218	TA
1	15030945	3	AG
1	15032626	1271	TC
1	15032751	92	TG
1	15034544	1706	AG
1	15037459	2423	TC
1	15037560	101	AG
1	15037774	214	AG
1	15038285	272	GA
1	15038443	158	AG
1	15038622	179	CT
1	15038901	279	AG
1	15040524	676	TC
1	15040631	107	GA
1	15040858	227	TC
1	15040887	29	AG
1	15041062	175	TC
1	15041090	28	TC
1	15041146	56	TC
1	15041221	75	GA
1	15042992	1404	GA
1	15044326	508	AG
1	15044495	169	CT
1	15044671	176	AC
1	15044781	110	TC
1	15044793	12	GA
1	15044952	159	AG
1	15045612	660	GA
1	15045660	48	TC
1	15046260	338	AC
1	15046299	39	CT
1	15046712	275	GA
1	15047336	624	CG
1	15047347	11	AG
1	15047892	443	GA
1	15047920	28	TC
1	15048381	338	GT
1	15048604	223	TC
1	15050803	639	GT
1	15051572	338	AT
1	15051702	130	TA
1	15055572	1911	TC
1	15055826	254	GA
1	15055863	37	TC
1	15057826	1594	CT
1	15058933	861	GA
1	15059966	1033	GA
1	15060015	49	GA
1	15060156	141	CT
1	15060684	528	CT
1	15060828	144	GA
1	15060945	117	CT
1	15063952	2003	AG
1	15068802	3817	GC
1	15069985	672	CA
1	15070132	147	TC
1	15070229	97	CG
1	15070943	309	CT
1	15071359	416	CT
1	15072188	380	GA
1	15072392	204	CT
1	15072537	145	CT
1	15072820	283	AG
1	15073091	271	CT
1	15073491	400	GC
1	15073816	325	TC
1	15073893	77	GT
1	15074554	661	CG
1	15075032	358	CA
1	15075113	81	TC
1	15075345	232	CA
1	15075382	37	AG
1	15075548	166	AT
1	15075643	95	GA
1	15075914	53	GA
1	15076467	553	GC
1	15077100	633	GA
1	15078233	720	AG
1	15080266	399	TC
1	15080357	91	CG
1	15080387	30	AT
1	15080417	30	AG
1	15081339	441	TC
1	15081494	155	AG
1	15081500	6	CG
1	15081672	172	GA
1	15082982	643	AG
1	15083695	537	AG
1	15085306	1258	TC
1	15090073	1921	AG
1	15090094	21	TC
1	15090427	291	TG
1	15091050	453	AG
1	15092069	856	TC
1	15093288	145	GA
1	15094687	992	AG
1	15095553	336	CT
1	15096233	79	CG
1	15096250	17	AG
1	15096288	38	CT
1	15096370	82	AG
1	15096377	7	TC
1	15096595	218	GT
1	15096630	35	GC
1	15096816	186	TC
1	15096915	99	GA
1	15097406	402	AG
1	15097858	452	CT
1	15097897	39	TC
1	15098618	624	AC
1	15098839	221	CT
1	15098962	123	AG
1	15099111	149	TC
1	15099295	184	TC
1	15099368	73	CT
1	15099369	1	GA
1	15099426	57	AG
1	15099549	123	AG
1	15099574	25	TC
1	15099584	10	TC
1	15100817	1159	GA
1	15100949	132	TC
1	15101129	180	TC
1	15101453	324	CG
1	15101552	99	TC
1	15101966	414	AG
1	15102034	68	TC
1	15103288	1189	CT
1	15103595	307	GA
1	15103607	12	GA
1	15103627	20	CT
1	15103632	5	TC
1	15103643	11	GA
1	15104134	491	CT
1	15104174	40	TC
1	15105384	598	CT
1	15108629	1107	GA
1	15108872	243	GA
1	15109081	209	CT
1	15110638	1248	TC
1	15113637	1528	CT
1	15114169	416	GC
1	15115383	252	GA
1	15115470	87	GA
1	15116440	218	TG
1	15116441	1	CA
1	15121373	3549	TC
1	15121839	397	CG
1	15121853	14	GA
1	15122072	219	TC
1	15122386	234	TC
1	15122945	336	TC
1	15123032	87	TC
1	15123053	21	AG
1	15123214	161	GC
1	15123263	49	CT
1	15123668	215	AC
1	15123697	29	AG
1	15123770	73	CT
1	15124774	831	CT
1	15125009	51	CT
1	15125387	378	CA
1	15125594	158	GC
1	15137310	7341	CT
1	15137868	558	CT
1	15138001	133	GA
1	15138075	74	GA
1	15138443	368	TC
1	15140446	1549	CG
1	15140487	41	CA
1	15142532	1339	TC
1	15143857	810	CT
1	15144793	701	TG
1	15144962	169	CT
1	15334523	120175	TG
1	17497558	1348220	AT
1	20057710	45918	CT
1	20270828	147082	GT
1	20282987	9290	TC
1	20341729	45100	CT
1	20360678	16677	TC
1	20391940	30080	TC
1	20429162	34681	GA
1	20466544	22774	CA
1	20518404	24510	CT
1	20707700	109719	TC
1	21122297	264241	AT
1	21122340	43	AG
1	21122498	158	GC
1	21122683	185	AT
1	21122902	219	GA
1	21135044	6605	TC
1	21135358	250	AG
1	21135378	20	GA
1	21135474	96	CG
1	21138874	2298	AT
1	21138883	9	TC
1	21139213	278	AC
1	21139701	321	CG
1	21144246	1036	TC
1	21147478	1208	CT
1	21151022	2764	GC
1	21152607	1385	AT
1	21153082	363	GA
1	21153387	122	GC
1	21153895	508	TC
1	21157613	2063	AG
1	21157754	141	CT
1	21157755	1	AG
1	21158434	679	TA
1	21158959	201	TC
1	21163821	3575	AG
1	21165880	1269	TC
1	21169436	2577	CT
1	21169485	49	CG
1	21170203	314	TC
1	21170282	79	AC
1	21170304	22	AG
1	21170305	1	GA
1	21170384	79	TG
1	21170386	2	TG
1	21177763	1376	CT
1	21177963	200	TA
1	21179672	1172	AC
1	21180055	383	AG
1	21186703	4437	CA
1	21187736	661	CT
1	21187967	231	GA
1	21191398	1879	AC
1	21191755	357	CT
1	21198082	4040	AG
1	21276815	45840	GA
1	21276879	64	AG
1	21277088	209	GA
1	21279415	1963	AT
1	21281147	553	GA
1	21381884	68891	GA
1	21381934	50	CT
1	21409467	20807	TA
1	21409474	7	GA
1	21409709	199	GA
1	21410550	648	AG
1	21411833	1134	GA
1	21411854	21	GA
1	21411918	64	GA
1	21412237	319	GA
1	21412765	528	GA
1	21412786	21	CT
1	21413904	754	AG
1	21415529	1508	AG
1	21415762	233	GA
1	21415766	4	TC
1	21415790	24	AC
1	21415792	2	TG
1	21415815	23	GA
1	21415880	65	AT
1	21416097	154	GC
1	21416303	206	CG
1	21416310	7	CT
1	21417300	965	TC
1	21417335	35	CT
1	21417754	419	CT
1	21418225	112	GA
1	21418227	2	CT
1	21418295	68	AG
1	21418715	376	CG
1	21418931	216	AG
1	21419451	520	CT
1	21419611	116	GA
1	21420160	330	AG
1	21420166	6	AG
1	21420169	3	GT
1	21420574	405	GA
1	21420577	3	GC
1	21420818	221	AG
1	21421060	242	GA
1	21421280	220	CT
1	21421394	114	AG
1	21421491	97	CT
1	21421734	145	GC
1	21421796	62	TC
1	21422214	297	AG
1	21422500	286	TA
1	21423105	417	TC
1	21423305	200	CT
1	21423807	224	TC
1	21424355	179	CT
1	21424390	35	CA
1	21424545	46	GA
1	21424634	89	CT
1	21424862	228	TG
1	21424876	14	TC
1	21425002	126	CT
1	21425079	77	TC
1	21425212	133	GA
1	21425259	47	TC
1	21425353	94	TC
1	21425378	25	CT
1	21425470	92	GA
1	21425476	6	CT
1	21425569	93	TA
1	21425750	43	AG
1	21426608	596	CT
1	21427628	761	GT
1	21427629	1	CT
1	21427667	38	AT
1	21427802	135	CT
1	21427807	5	AG
1	21427868	61	CT
1	21428163	295	TC
1	21429143	763	CT
1	21429431	218	GA
1	21430543	674	GA
1	21444386	11009	TC
1	21445532	1094	CT
1	21446862	1279	GA
1	21447350	488	GA
1	21447748	158	CT
1	21447848	100	TC
1	21453155	4732	TC
1	21453174	19	AC
1	21457519	3011	TC
1	21458113	492	GA
1	21458354	71	TC
1	21458430	76	GC
1	21458545	115	GC
1	21458546	1	GA
1	21458612	66	GA
1	21458927	315	AC
1	21458994	67	CT
1	21459112	118	CT
1	21459500	388	AG
1	21459578	78	GA
1	21459581	3	CT
1	21459628	47	GC
1	21459685	57	AG
1	21461386	364	CG
1	21462366	891	TC
1	21462383	17	CT
1	21462715	332	AC
1	21462718	3	CT
1	21462902	81	GT
1	21463257	355	TC
1	21465282	1854	CT
1	21465599	140	CT
1	21468083	2212	CT
1	21468886	698	GA
1	21471385	1850	AG
1	21472754	1203	TC
1	21472846	92	CT
1	21473971	637	GA
1	21474714	308	CT
1	21475487	660	GC
1	21476918	1138	CT
1	21478161	953	CT
1	21478454	268	GA
1	21478678	159	CT
1	21478724	46	AG
1	21479189	271	AG
1	21481087	1459	TC
1	21481174	87	GA
1	21481187	13	AG
1	21481272	85	CT
1	21481276	4	GA
1	21481634	358	CT
1	21482061	427	GA
1	21482954	786	GA
1	21483442	264	AG
1	21486807	1976	TG
1	21487790	647	TC
1	21488859	1069	TC
1	21489718	859	GT
1	21490853	1033	AG
1	21496670	4071	GA
1	21497164	494	TC
1	21498862	1380	AG
1	21499573	711	AC
1	21507175	2544	AG
1	21507564	219	AG
1	21513411	4561	TC
1	21517309	2466	AC
1	21520695	2257	GA
1	21521916	831	CT
1	21522215	299	CT
1	21529471	3688	CT
1	21536861	5604	AT
1	21537830	879	GA
1	21538309	412	AG
1	21538504	152	CT
1	21538637	133	TC
1	21538895	258	TC
1	21539251	356	GA
1	21539273	22	CA
1	21539374	101	GA
1	21548640	8754	CG
1	21592635	29004	AG
1	21614548	10335	GA
1	21624817	8782	TC
1	21639216	10512	GA
1	21662046	19674	TA
1	21662081	35	AG
1	21662667	123	AG
1	21663057	390	AG
1	21663108	51	AG
1	21663285	177	CG
1	21663520	210	AC
1	21663546	26	TC
1	21663555	9	TC
1	21663883	328	CT
1	21663890	7	TC
1	21664675	619	GA
1	21665131	456	AG
1	21665520	389	AC
1	21665938	418	GA
1	21666248	310	TC
1	21666383	135	CT
1	21666443	60	CT
1	21666481	38	CT
1	21666647	166	TC
1	21666681	34	GT
1	21666717	36	TC
1	21666748	31	GT
1	21666892	144	TC
1	21666922	30	CT
1	21666923	1	AG
1	21667496	573	GC
1	21667497	1	TC
1	21667569	72	CA
1	21667571	2	TG
1	21667592	21	GA
1	21667838	246	AG
1	21668287	449	CT
1	21668549	262	CA
1	21669749	1176	CT
1	21669835	86	TC
1	21670788	953	GA
1	21671205	417	GA
1	21671227	22	AG
1	21671347	120	AG
1	21671404	57	CT
1	21671630	226	TC
1	21671779	149	AG
1	21671797	18	AG
1	21671996	60	TC
1	21672665	109	CA
1	21672689	24	TC
1	21672739	50	AC
1	21673504	269	GA
1	21674533	161	GA
1	21674726	193	GA
1	21674761	35	TG
1	21674813	52	CT
1	21675180	237	GA
1	21675464	284	CA
1	21675684	185	AG
1	21676505	341	GA
1	21676518	13	TC
1	21676919	401	CT
1	21676923	4	TA
1	21676989	66	CT
1	21678724	1595	AT
1	21679305	581	TC
1	21679324	19	TC
1	21679371	47	CT
1	21679372	1	AG
1	21680648	348	CT
1	21680987	298	TA
1	21681969	630	AG
1	21681987	18	AG
1	21682008	21	GC
1	21682685	235	GA
1	21682788	103	GA
1	21682807	19	GA
1	21682850	43	CG
1	21682854	4	GA
1	21684217	514	GA
1	21684229	12	CT
1	21684230	1	AG
1	21684513	283	CT
1	21684535	22	GA
1	21684933	398	GT
1	21685058	125	TA
1	21685059	1	CT
1	21685360	301	CA
1	21685423	63	CT
1	21685597	174	GA
1	21685787	190	CG
1	21686199	214	AG
1	21686210	11	TC
1	21686232	22	CT
1	21686266	34	CT
1	21686268	2	CT
1	21686279	11	TC
1	21686280	1	GA
1	21686295	15	TC
1	21687019	675	CT
1	21687151	132	CA
1	21687611	393	AG
1	21687791	180	GC
1	21687800	9	AG
1	21687926	126	CT
1	21687928	2	GC
1	21688529	308	TC
1	21689801	1092	GA
1	21689904	103	TC
1	21689996	92	TG
1	21690055	59	CT
1	21690468	304	GA
1	21690594	126	CG
1	21690617	23	TC
1	21690735	118	TC
1	21691118	383	AG
1	21691122	4	TA
1	21692652	856	TC
1	21692862	210	TC
1	21693268	362	GC
1	21693271	3	TC
1	21693321	50	TC
1	21694200	879	GA
1	21694344	144	CT
1	21694375	31	AG
1	21694476	101	CT
1	21694810	275	CT
1	21694915	105	GA
1	21695061	146	TC
1	21695368	307	TC
1	21695456	88	GC
1	21695614	158	AG
1	21696805	1124	CT
1	21696878	73	GC
1	21696896	18	TA
1	21696956	60	AG
1	21697194	238	CT
1	21697215	21	GA
1	21697242	27	CT
1	21697500	258	TC
1	21697501	1	GA
1	21697536	35	TC
1	21697611	75	GA
1	21697772	161	CT
1	21698248	220	AG
1	21698280	32	GC
1	21698618	338	GA
1	21698690	72	GA
1	21699037	347	TC
1	21699153	116	GC
1	21699194	41	GA
1	21699200	6	GC
1	21699245	45	TC
1	21699345	100	GA
1	21699391	46	TC
1	21699486	95	GA
1	21699554	68	AG
1	21699580	26	AG
1	21699610	30	CT
1	21699944	334	CG
1	21700170	226	CT
1	21700225	55	AG
1	21700453	194	CG
1	21700536	83	AT
1	21701233	571	CT
1	21701329	96	GA
1	21701465	136	TC
1	21701477	12	CT
1	21701635	158	AC
1	21701636	1	GA
1	21701652	16	TC
1	21701673	21	GA
1	21701700	27	TA
1	21701769	69	GA
1	21701774	5	TC
1	21701814	40	AC
1	21701893	79	CG
1	21701998	105	GA
1	21702193	195	GC
1	21702204	11	CG
1	21702247	43	AT
1	21703013	723	GC
1	21703199	186	CT
1	21703216	17	GA
1	21703220	4	TC
1	21703224	4	TC
1	21703243	19	GT
1	21703431	115	CT
1	21703442	11	AG
1	21703458	16	AG
1	21703518	60	AG
1	21703537	19	GA
1	21703568	31	GT
1	21703575	7	GA
1	21703620	45	GC
1	21703634	14	GA
1	21703642	8	CT
1	21703654	12	GA
1	21703688	34	AG
1	21703969	281	CA
1	21704035	66	TC
1	21704042	7	CG
1	21704113	71	GA
1	21704203	90	AG
1	21704259	56	AT
1	21704293	34	AG
1	21704929	636	GA
1	21705021	92	CG
1	21705196	175	GA
1	21705276	80	TC
1	21705305	29	TG
1	21706511	709	CT
1	21706928	417	AG
1	21707640	491	GT
1	21708205	86	CA
1	21708249	44	CT
1	21708606	258	GA
1	21709489	818	AG
1	21709612	123	GA
1	21709847	235	GA
1	21710609	762	AC
1	21713938	1473	GA
1	21714914	503	AG
1	21716697	1375	AT
1	21717694	731	TC
1	21717699	5	GA
1	21717702	3	GA
1	21717705	3	GA
1	21717711	6	TC
1	21717766	55	CT
1	21720242	1884	TC
1	21720601	359	TC
1	21720751	150	AG
1	21720944	193	TC
1	21721012	68	AG
1	21721290	278	TC
1	21721291	1	GA
1	21721329	38	AG
1	21721393	64	CT
1	21721545	152	TC
1	21721597	52	TC
1	21722084	243	TC
1	21722340	256	GA
1	21722591	251	CT
1	21723004	413	TG
1	21723007	3	GA
1	21724229	521	AG
1	21724261	32	GA
1	21724262	1	CT
1	21724387	125	AG
1	21724389	2	GA
1	21724460	71	CA
1	21724880	114	AG
1	21724937	57	TC
1	21725005	68	CT
1	21725290	285	CT
1	21725445	155	TC
1	21725534	89	TC
1	21725853	319	CT
1	21725907	54	CA
1	21725934	27	AG
1	21725945	11	AG
1	21726248	216	GA
1	21726356	108	GA
1	21727869	349	TC
1	21728127	258	TC
1	21728169	42	TC
1	21728748	506	TG
1	21728986	238	CT
1	21729040	54	AG
1	21729363	323	AG
1	21730534	506	CG
1	21730875	341	GA
1	21731753	724	CA
1	21732460	545	GA
1	21732500	40	AG
1	21732501	1	TA
1	21734461	1572	TC
1	21735626	624	CT
1	21735669	43	GA
1	21735701	32	TC
1	21735720	19	GC
1	21736076	222	GA
1	21796127	43993	GC
1	21796432	254	GA
1	21797211	779	AG
1	21797259	48	GT
1	21797327	68	TC
1	21797878	551	CT
1	21797951	73	AG
1	21798965	1014	GA
1	21799117	152	TA
1	21799379	169	TG
1	21799492	113	CG
1	21799705	213	CG
1	21799858	153	GT
1	21799886	28	TG
1	21799910	24	AG
1	21800585	383	AG
1	21800650	65	CT
1	21800651	1	AT
1	21801872	610	TC
1	21802225	353	GT
1	21802275	50	TC
1	21805366	2351	GA
1	21805395	29	AG
1	21805576	181	TC
1	21805626	50	CT
1	21805739	113	GC
1	21805758	19	GA
1	21805780	22	GA
1	21805800	20	GT
1	21805815	15	AG
1	21805859	44	CA
1	21805940	81	AT
1	21806096	156	AC
1	21806207	111	CA
1	21806660	453	TC
1	21806675	15	TC
1	21807013	338	CT
1	21819627	9003	TC
1	21819768	110	CA
1	21819885	117	AG
1	21820380	495	CT
1	21820400	20	TA
1	21820403	3	GA
1	21820714	311	TG
1	21820869	155	CA
1	21821314	445	GA
1	21821319	5	AG
1	21821414	95	CT
1	21821418	4	CT
1	21821432	14	GA
1	21821437	5	CT
1	21821554	117	GT
1	21821914	360	AG
1	21822293	219	CT
1	21822380	87	GA
1	21822688	308	AG
1	21826009	2148	GA
1	21827976	854	TG
1	21828281	268	CG
1	21828315	34	AG
1	21828403	88	GA
1	21828448	45	CT
1	21828479	31	GA
1	21828628	86	GT
1	21828703	75	AC
1	21828766	63	AG
1	21828803	37	TC
1	21828848	45	TC
1	21828865	17	TA
1	21829269	179	GC
1	21830368	366	TA
1	21830371	3	AT
1	21830758	387	CT
1	21832648	1263	GA
1	21832662	14	GA
1	21832770	108	CT
1	21832973	203	GT
1	21833164	191	AG
1	21833440	114	CT
1	21835664	1012	TC
1	21835910	246	TC
1	21836677	672	CT
1	21837208	531	GA
1	21837243	35	AG
1	21837309	66	GA
1	21837820	378	AG
1	21838220	400	CT
1	21840435	1748	TC
1	21841527	852	CG
1	21842190	135	GA
1	21842289	99	GA
1	21842455	166	AG
1	21842502	47	AG
1	21842514	12	GA
1	21843101	44	GA
1	21843219	118	TC
1	21843249	30	GA
1	21843254	5	CT
1	21843520	266	AG
1	21843572	52	TC
1	21843647	75	TG
1	21843664	17	TC
1	21843704	40	TC
1	21843738	34	AG
1	21844107	212	GA
1	21844173	66	AG
1	21844475	127	TA
1	21844777	302	TC
1	21844778	1	GA
1	21844865	87	TC
1	21844914	49	TC
1	21845124	210	GA
1	21845262	138	TC
1	21845317	55	GA
1	21845352	35	AG
1	21845589	237	GA
1	21845713	124	AC
1	21845931	125	TC
1	21845967	36	CT
1	21846073	106	CT
1	21846420	347	GA
1	21846460	40	AG
1	21846636	176	GA
1	21846978	342	GA
1	21846991	13	GA
1	21847479	284	AG
1	21847588	109	CT
1	21848565	843	CT
1	21848902	167	GA
1	21849022	120	CT
1	21849857	779	AG
1	21849861	4	AG
1	21849895	34	CT
1	21849916	21	CT
1	21851054	780	TC
1	21851164	110	GA
1	21851197	33	CT
1	21851219	22	AG
1	21851223	4	TA
1	21851226	3	AG
1	21851381	155	TC
1	21851546	165	GA
1	21851648	102	TC
1	21852073	396	TC
1	21852217	144	AG
1	21852347	130	CT
1	21852647	93	CA
1	21852710	63	GA
1	21852912	142	AG
1	21852974	62	GA
1	21853149	105	AG
1	21853199	50	AG
1	21853257	58	GA
1	21853301	44	GA
1	21853367	66	AG
1	21853434	67	TG
1	21854083	554	GA
1	21855413	1254	TG
1	21855503	90	TC
1	21855788	108	GA
1	21856037	249	GA
1	21856068	31	CT
1	21856364	296	GA
1	21860475	2999	AG
1	21861491	839	TC
1	21861677	186	CT
1	21861779	102	GA
1	21862000	221	TC
1	21862002	2	GA
1	21862553	551	AC
1	21862873	320	TC
1	21862878	5	GA
1	21863021	143	AG
1	21863084	63	GA
1	21863100	16	CT
1	21864098	534	TC
1	21864352	73	CT
1	21864371	19	GA
1	21864666	76	CT
1	21865049	174	CG
1	21865111	62	CG
1	21865247	136	TG
1	21865263	16	TC
1	21865378	115	GA
1	21865507	129	CT
1	21866066	183	TC
1	21866111	45	TC
1	21866169	58	TC
1	21866778	609	TC
1	21866815	37	AG
1	21866870	55	CT
1	21866889	19	TC
1	21867425	536	AG
1	21867642	217	CG
1	21867894	252	AG
1	21868316	175	TC
1	21868603	287	TC
1	21868694	91	CT
1	21868698	4	GC
1	21868942	180	CT
1	21869409	467	GC
1	21869472	63	AG
1	21869522	50	GA
1	21869589	67	AG
1	21869870	35	AG
1	21870977	106	CG
1	21871517	540	TC
1	21872124	194	TA
1	21872135	11	AG
1	21872288	153	CG
1	21872290	2	AG
1	21872314	24	AG
1	21872366	52	TG
1	21872596	230	AG
1	21873232	63	CT
1	21873475	243	AG
1	21873499	24	TC
1	21874148	339	AG
1	21874310	162	CA
1	21874311	1	CT
1	21874338	27	CT
1	21874527	189	AG
1	21874627	100	TC
1	21874710	83	TA
1	21874715	5	AG
1	21875000	206	TC
1	21875008	8	AC
1	21875028	20	TC
1	21875045	17	AG
1	21875231	45	TG
1	21875232	1	CT
1	21875731	324	GA
1	21875808	77	TC
1	21876400	592	CT
1	21878637	1986	TG
1	21878659	22	TA
1	21878667	8	AC
1	21878712	45	TG
1	21878843	131	GT
1	21879211	368	GA
1	21879242	31	AG
1	21881710	670	CA
1	21881873	67	GA
1	21882191	318	CT
1	21882192	1	AG
1	21882485	293	CG
1	21882739	254	TC
1	21882845	106	AG
1	21883038	193	CA
1	21883046	8	TC
1	21884199	884	AG
1	21885028	700	CT
1	21885684	497	GA
1	21885906	222	CT
1	21886463	519	CT
1	21887145	447	CT
1	21887299	154	GA
1	21888010	377	AG
1	21888086	76	TC
1	21888417	331	GA
1	21888629	212	GA
1	21888809	180	GA
1	21888885	76	AG
1	21889050	165	GC
1	21889091	41	CT
1	21889304	213	TC
1	21889322	18	GA
1	21889419	97	TC
1	21889917	498	CA
1	21890442	164	AT
1	21890746	304	GA
1	21892349	141	TC
1	21892401	52	CT
1	21892702	301	CT
1	21892723	21	GA
1	21892836	113	GA
1	21893684	848	AG
1	21893960	276	AG
1	21894200	240	CT
1	21895387	897	CA
1	21896258	871	GA
1	21897534	970	CG
1	21897543	9	AG
1	21897805	262	CA
1	21899410	392	AG
1	21900043	633	GA
1	21900268	225	GA
1	21900346	78	CA
1	21900624	278	CT
1	21900686	62	CG
1	21901599	831	CT
1	21902482	803	GA
1	21905760	634	GC
1	21905828	68	AG
1	21907215	808	AG
1	21907845	356	GA
1	21908562	691	TC
1	21908607	45	AG
1	21908651	44	GA
1	21908928	277	CT
1	21909699	771	GT
1	21910076	146	TC
1	21910093	17	TC
1	21910210	117	GA
1	21910217	7	CA
1	21910273	56	AG
1	21910308	35	CA
1	21914174	1827	TC
1	21914279	105	CT
1	21914420	141	GA
1	21915351	542	GA
1	21915360	9	CT
1	21915423	63	GA
1	21915555	47	AG
1	21915618	63	GC
1	21915623	5	AC
1	21915630	7	TC
1	21915648	18	CT
1	21915720	72	TG
1	21916851	1050	CG
1	21917078	165	TC
1	21917231	153	GA
1	21917270	39	GA
1	21917274	4	TC
1	21917585	311	AC
1	21918687	448	AG
1	21918717	30	TC
1	21918947	230	TC
1	21919345	334	CT
1	21921188	1527	CG
1	21921248	60	AG
1	21921513	265	AG
1	21921656	143	TC
1	21922394	738	TC
1	21922561	167	AG
1	21922584	23	CT
1	21922709	125	GC
1	21922724	15	TC
1	21922820	96	CA
1	21922949	129	AG
1	21923141	192	GA
1	21923343	202	GA
1	21923463	120	AG
1	21924114	651	TC
1	21925597	1416	CT
1	21925690	93	TA
1	21925696	6	CA
1	21925712	16	TC
1	21926336	583	GA
1	21964285	25474	AG
1	21964287	2	GA
1	21966230	1865	GA
1	21988818	16794	CG
1	21990992	1833	CT
1	21991713	610	TG
1	22003652	6293	CA
1	22005259	881	GA
1	22007182	1760	TC
1	22009720	1991	AG
1	22010287	486	AG
1	22012378	1845	CT
1	22012620	242	AG
1	22012712	92	CT
1	22014618	1498	AG
1	22016549	817	CT
1	22016551	2	GT
1	22017275	724	GA
1	22018466	1015	GA
1	22018507	41	AC
1	22029541	3899	TC
1	22033038	2164	GA
1	22034972	1539	GT
1	22036448	1282	CG
1	22037182	636	TA
1	22038018	328	AG
1	22039293	385	CT
1	22039306	13	TC
1	22039545	239	CT
1	22039802	257	CT
1	22039812	10	CT
1	22040129	317	TC
1	22043130	2573	TC
1	22043550	420	AC
1	22044421	871	CA
1	22044440	19	AG
1	22044899	459	GA
1	22053241	7405	TC
1	22055839	1702	CT
1	22059153	2157	GA
1	22060086	810	CT
1	22062694	1821	CT
1	22063459	671	CT
1	22064852	784	AG
1	22064926	74	CA
1	22065552	227	GA
1	22066194	397	GA
1	22066341	147	AG
1	22066844	503	TG
1	22067404	560	CA
1	22067824	340	GA
1	22068251	427	TC
1	22068501	24	AG
1	22069346	293	GA
1	22069837	491	TC
1	22069873	36	GA
1	22070213	224	AG
1	22072070	1670	CT
1	22072980	478	AG
1	22073124	144	GA
1	22073360	236	CT
1	22073362	2	CT
1	22073369	7	CT
1	22073657	169	CG
1	22073662	5	CA
1	22073829	76	GT
1	22073942	113	GC
1	22075812	1381	CT
1	22075874	62	CT
1	22075879	5	GC
1	22075953	74	CT
1	22076079	126	GA
1	22076092	13	AT
1	22076167	75	CG
1	22076682	337	AG
1	22077139	378	AG
1	22077149	10	GA
1	22077434	88	GA
1	22077513	79	AG
1	22077531	18	GA
1	22077963	432	GA
1	22077965	2	GA
1	22077968	3	CT
1	22077974	6	CT
1	22077987	13	TC
1	22078580	501	TC
1	22078618	38	GA
1	22078681	63	CG
1	22078791	110	GA
1	22078802	11	AG
1	22080016	1031	TG
1	22080165	149	TC
1	22080179	14	GA
1	22080196	17	CA
1	22080207	11	AC
1	22080630	349	AG
1	22083623	144	AC
1	22084172	515	TC
1	22084343	99	GA
1	22084902	559	TA
1	22085826	559	GA
1	22085976	150	CT
1	22087324	1348	TA
1	22087993	428	GA
1	22088098	105	AG
1	22088269	171	TC
1	22088464	195	TC
1	22090003	970	AC
1	22091705	1214	AG
1	22091790	85	AG
1	22091915	125	CT
1	22092354	396	TC
1	22092798	444	CT
1	22094745	1264	AG
1	22095121	258	TC
1	22095163	42	TG
1	22104701	7860	TC
1	22104744	43	CT
1	22104848	104	AG
1	22105041	193	GA
1	22105096	55	AG
1	22105219	123	TC
1	22109907	1921	GA
1	22110214	307	AG
1	22111259	845	CT
1	22111929	555	GT
1	22112988	649	CG
1	22113455	467	TC
1	22113501	46	AT
1	22114448	497	AG
1	22114849	401	CT
1	22117155	2247	TC
1	22123531	5019	CT
1	22123577	46	CT
1	22123914	337	GA
1	22124115	16	GA
1	22124136	21	TG
1	22124534	151	AG
1	22124670	136	CT
1	22124684	14	CT
1	22125326	642	AG
1	22125416	90	TC
1	22126429	861	CT
1	22126639	210	CT
1	22126735	96	CT
1	22126966	231	AG
1	22127180	214	TG
1	22127223	43	TA
1	22127415	192	TC
1	22128260	845	AG
1	22128363	103	AG
1	22128522	72	GA
1	22129769	732	GA
1	22130059	290	AG
1	22131442	1068	TG
1	22131776	93	TG
1	22132094	318	TC
1	22132099	5	CT
1	22132252	153	GA
1	22132644	392	AG
1	22133137	103	TG
1	22133710	290	GA
1	22134463	591	CT
1	22140943	3325	CT
1	22142315	1372	CT
1	22142434	119	AG
1	22142522	88	TC
1	22142558	36	AG
1	22143011	453	CT
1	22144634	794	AG
1	22151315	4345	AG
1	22151883	544	GA
1	22152035	152	CT
1	22152057	22	GA
1	22152570	513	AG
1	22152799	229	AG
1	22154203	878	GA
1	22154292	89	AG
1	22154461	169	CT
1	22154491	30	GA
1	22154759	145	TC
1	22154811	52	TA
1	22154930	119	CT
1	22155289	210	AG
1	22156102	747	AC
1	22156153	51	CT
1	22158686	1576	GA
1	22158724	38	AG
1	22159229	505	TC
1	22159542	127	GA
1	22159572	30	GA
1	22159578	6	CA
1	22159585	7	TC
1	22159605	20	GA
1	22159628	23	CA
1	22159656	28	AG
1	22159732	76	GA
1	22159751	19	TC
1	22159799	48	CT
1	22159896	97	GA
1	22160066	170	CT
1	22160556	64	AC
1	22160658	102	GC
1	22161335	496	GT
1	22161886	551	AG
1	22162110	196	GA
1	22163833	373	GA
1	22168154	2873	GA
1	22168559	201	GA
1	22168743	184	GC
1	22169119	247	AC
1	22169151	32	GA
1	22169312	161	CT
1	22170333	707	AG
1	22170381	48	GC
1	22170524	143	AG
1	22170552	28	AG
1	22171139	560	TG
1	22171157	18	GA
1	22171312	155	GT
1	22171326	14	GA
1	22171467	141	AG
1	22171563	24	CG
1	22171712	149	AG
1	22171752	40	GA
1	22172415	663	TC
1	22172631	216	TC
1	22173053	242	TA
1	22173239	186	CT
1	22173319	80	AG
1	22173321	2	CT
1	22173520	199	TG
1	22174254	734	CT
1	22175986	852	AG
1	22176663	402	TC
1	22178408	1698	TC
1	22178713	107	CT
1	22178820	107	TG
1	22179045	94	CT
1	22179141	96	CG
1	22179142	1	CT
1	22184111	2771	GA
1	22184864	601	GA
1	22190649	3907	GA
1	22191994	849	AG
1	22192205	211	CT
1	22192215	10	AG
1	22192606	391	AC
1	22192978	372	AG
1	22193702	659	CT
1	22194427	682	AC
1	22200237	4884	GA
1	22205178	3124	TC
1	22205601	370	CT
1	22206154	112	AG
1	22206314	160	GA
1	22206408	94	CT
1	22206431	23	CT
1	22207312	104	GA
1	22207534	181	CT
1	22207627	93	TC
1	22207694	67	GA
1	22207819	125	GA
1	22207827	8	TC
1	22207933	21	AG
1	22207938	5	CT
1	22208134	196	AT
1	22208373	239	TC
1	22208452	79	GA
1	22208860	205	TG
1	22208938	78	GC
1	22208949	11	CG
1	22209025	76	TG
1	22209042	17	AG
1	22209053	11	AC
1	22209147	94	TC
1	22209157	10	AG
1	22209163	6	CT
1	22209196	33	TG
1	22209247	51	CT
1	22209253	6	TG
1	22209524	39	AT
1	22220026	7455	AG
1	22220535	385	CA
1	22220546	11	GA
1	22220710	164	AG
1	22221059	349	CG
1	22221098	39	TC
1	22221232	134	AG
1	22221616	384	AC
1	22221739	123	GA
1	22223144	1405	CT
1	22223153	9	CG
1	22223538	385	AG
1	22223722	184	TA
1	22225052	393	AG
1	22225267	215	AG
1	22225294	27	GA
1	22225301	7	CA
1	22225332	31	GA
1	22226067	222	AG
1	22226078	11	TG
1	22227174	795	GC
1	22227374	200	TC
1	22227381	7	AG
1	22227754	86	AG
1	22227824	70	GA
1	22227837	13	AC
1	22227841	4	TC
1	22227894	53	GA
1	22227926	32	CT
1	22228598	118	GC
1	22228843	245	TC
1	22228976	133	AG
1	22229069	93	CT
1	22232804	2088	CT
1	22237467	2863	TC
1	22238849	986	AG
1	22241725	1396	TC
1	22243190	565	CT
1	22243227	37	GA
1	22243362	44	TC
1	22243438	76	AG
1	22243501	63	GT
1	22244129	500	GT
1	22244163	34	GA
1	22244170	7	GA
1	22244402	232	CG
1	22244409	7	GA
1	22244603	194	AG
1	22245864	882	TG
1	22247529	1201	CT
1	22247722	163	AT
1	22247881	159	GA
1	22247927	46	AG
1	22249300	1001	TC
1	22249447	147	TC
1	22251021	1221	AG
1	22255528	1946	CT
1	22261796	4893	CT
1	22262423	627	CT
1	22262571	148	TC
1	22263247	393	AG
1	22263625	378	AG
1	22266685	2868	GA
1	22266881	196	CA
1	22267095	214	AG
1	22267287	192	AG
1	22267337	50	AG
1	22268050	354	GA
1	22268122	72	CT
1	22268167	45	TC
1	22268188	21	AG
1	22268359	171	AC
1	22268412	53	CT
1	22268679	267	TC
1	22268695	16	GA
1	22268758	63	GA
1	22269023	265	AG
1	22269247	224	GC
1	22269255	8	GT
1	22269445	190	GA
1	22269950	505	AG
1	22270450	500	GA
1	22270762	312	AG
1	22270769	7	CT
1	22270864	95	AG
1	22271096	177	AG
1	22271309	213	CG
1	22271362	53	TC
1	22271403	41	CT
1	22271433	30	CA
1	22271659	64	TC
1	22271968	309	AG
1	22272422	454	CT
1	22272667	245	AC
1	22272774	107	CA
1	22272894	120	GA
1	22272906	12	GA
1	22272907	1	GC
1	22272922	15	GC
1	22272981	59	TC
1	22273866	434	AG
1	22273911	45	AG
1	22274084	173	AC
1	22274229	145	GA
1	22274700	471	TC
1	22274972	272	CT
1	22275232	260	AG
1	22275342	110	CT
1	22275969	186	AG
1	22276343	374	CT
1	22276520	177	AG
1	22276547	27	TC
1	22277180	598	GA
1	22277197	17	CT
1	22277278	81	AG
1	22278012	734	CA
1	22278459	447	GA
1	22278512	53	TC
1	22278598	86	CT
1	22279092	354	AG
1	22279111	19	CT
1	22279149	38	AG
1	22279310	161	TG
1	22279388	78	TC
1	22282201	1467	GC
1	22283228	1027	CT
1	22284111	534	AC
1	22284274	163	GC
1	22284529	255	CT
1	22284845	316	AG
1	22286741	1896	AG
1	22287197	456	AG
1	22287253	56	CG
1	22287348	95	GC
1	22287660	101	TC
1	22287724	64	CG
1	22288160	403	GA
1	22288456	296	TG
1	22288869	413	CT
1	22289024	155	AG
1	22289056	32	AG
1	22289430	374	AG
1	22289546	116	TC
1	22290143	358	TC
1	22290199	56	CG
1	22290238	39	GT
1	22290241	3	AG
1	22290359	99	CA
1	22290387	28	GA
1	22290431	44	TC
1	22290476	45	GA
1	22290504	28	AG
1	22290542	38	AG
1	22290791	249	AG
1	22290841	50	AG
1	22290947	106	TC
1	22290988	41	TC
1	22291009	21	TC
1	22292092	1083	AG
1	22292188	96	GA
1	22292753	565	GC
1	22293575	822	TC
1	22293679	104	AG
1	22293843	164	AG
1	22300188	4254	GA
1	22321634	11452	CT
1	22321927	293	TC
1	22322488	561	GA
1	22385346	44496	CG
1	22385847	386	CA
1	22386517	670	CT
1	22388406	1048	CT
1	22388794	388	GA
1	22388951	157	AG
1	22389599	522	AG
1	22390925	873	CT
1	22390993	68	TG
1	22391017	24	GC
1	22391067	50	AG
1	22393740	1893	CT
1	22394058	318	AG
1	22394078	20	CA
1	22394357	209	CT
1	22394442	85	AG
1	22394518	76	TA
1	22396129	1269	GA
1	22399837	2045	AG
1	22400715	753	AG
1	22402886	1410	AG
1	22403241	355	TC
1	22403258	17	TC
1	22405622	2134	AC
1	22405635	13	CT
1	22405666	31	TG
1	22405950	284	TC
1	22406796	655	GA
1	22407015	219	CT
1	22408487	757	AG
1	22409002	177	AG
1	22409012	10	GC
1	22409927	915	TC
1	22410457	239	AG
1	22412364	1514	AG
1	22412433	69	TG
1	22413106	590	TC
1	22413678	280	GA
1	22413699	21	CA
1	22413704	5	CA
1	22414218	440	AC
1	22414526	156	CT
1	22414759	233	CT
1	22414760	1	CG
1	22416370	409	TC
1	22417884	829	CT
1	22418245	120	CT
1	22418252	7	GC
1	22418317	65	CT
1	22418318	1	CG
1	22418552	53	TC
1	22418559	7	CT
1	22418573	14	TG
1	22418656	83	GA
1	22418819	126	TC
1	22418969	150	TC
1	22418982	13	CT
1	22419420	438	GA
1	22419444	24	GA
1	22419839	337	CT
1	22419879	40	CG
1	22419975	66	CT
1	22420075	100	GA
1	22420160	85	AG
1	22420184	24	CT
1	22420209	25	AG
1	22420312	103	CT
1	22420409	97	GC
1	22420789	380	AG
1	22420815	26	AG
1	22420992	177	TG
1	22420993	1	AG
1	22421041	48	AC
1	22421131	90	TA
1	22421150	19	GA
1	22421338	188	GA
1	22421637	191	TC
1	22421765	128	CA
1	22421823	58	CG
1	22421824	1	TC
1	22421998	174	TC
1	22422551	553	GA
1	22422733	182	TG
1	22422993	158	TC
1	22423430	437	CG
1	22423497	67	AG
1	22423921	61	CT
1	22424036	115	CT
1	22424377	341	TC
1	22424442	65	AG
1	22424611	169	AG
1	22424678	67	GC
1	22424873	195	CT
1	22424923	50	CT
1	22424925	2	TC
1	22424955	30	GT
1	22425442	487	AG
1	22425466	24	AG
1	22425525	59	GT
1	22425646	121	AG
1	22425710	64	TC
1	22425848	138	AG
1	22426165	131	TC
1	22432632	3610	CA
1	22435042	2095	CT
1	22441179	4489	AG
1	22451681	4448	CT
1	22452288	427	CG
1	22453634	935	CG
1	22453674	40	GA
1	22453725	51	AG
1	22454114	196	CT
1	22454191	77	AG
1	22454331	140	GT
1	22454370	39	TG
1	22454393	23	GA
1	22454788	293	GA
1	22455039	251	GA
1	22455253	154	GC
1	22456949	1267	CT
1	22457151	202	TC
1	22457417	266	CA
1	22457418	1	AG
1	22457745	327	TC
1	22458462	457	GA
1	22458530	68	AT
1	22460918	1262	GA
1	22461024	106	CT
1	22461731	660	GC
1	22461754	23	AG
1	22462290	108	CT
1	22462324	34	CT
1	22462401	77	AG
1	22462992	591	GA
1	22463064	72	GA
1	22463073	9	GA
1	22463187	114	CT
1	22463259	72	AG
1	22463378	119	GA
1	22463666	148	GA
1	22463680	14	AG
1	22463776	96	CA
1	22464371	98	GA
1	22464403	32	AT
1	22464477	74	TC
1	22464488	11	GT
1	22466289	139	TC
1	22466427	138	CT
1	22466481	54	AG
1	22466507	26	CT
1	22466544	37	CT
1	22466586	42	CT
1	22466922	262	CG
1	22467690	251	CA
1	22467763	73	AG
1	22468329	198	GA
1	22468876	158	CT
1	22470488	524	TC
1	22470616	94	GA
1	22470638	22	GA
1	22472242	944	CT
1	22472563	321	TG
1	22473344	322	TC
1	22473845	501	AG
1	22477175	1799	GA
1	22477462	287	TC
1	22477750	288	CA
1	22477753	3	AG
1	22478319	352	CT
1	22478351	32	CT
1	22478478	127	GA
1	22478995	385	TC
1	22479189	77	GA
1	22481226	1161	TC
1	22481316	90	TC
1	22481454	138	GA
1	22481455	1	CA
1	22481732	277	CT
1	22482562	730	TC
1	22482846	161	TC
1	22483057	211	GA
1	22483153	96	CT
1	22483362	209	AG
1	22484012	51	GA
1	22484846	571	GA
1	22485410	239	CT
1	22485431	21	GC
1	22485569	138	CT
1	22485671	102	TC
1	22488386	986	TG
1	22488834	418	TC
1	22488966	132	GA
1	22489271	305	AG
1	22491317	667	TC
1	22491385	68	GA
1	22491897	512	AG
1	22493084	663	CA
1	22493519	298	TA
1	22500036	4190	AG
1	22500060	24	CT
1	22500649	589	GA
1	22502033	856	AG
1	22502104	71	AG
1	22502225	121	TG
1	22502702	353	AG
1	22502803	101	GC
1	22503140	337	TC
1	22503785	432	AG
1	22503788	3	CG
1	22504016	228	AG
1	22504137	121	GC
1	22504140	3	AT
1	22504175	35	GC
1	22504189	14	AT
1	22504588	399	TC
1	22504605	17	AC
1	22504636	31	TC
1	22504678	42	GC
1	22505130	264	CA
1	22506112	329	GA
1	22506243	131	TC
1	22506255	12	TC
1	22506363	69	AG
1	22506372	9	AG
1	22506518	146	AG
1	22506551	33	GA
1	22506607	56	AG
1	22506647	40	GC
1	22506745	98	TC
1	22507493	507	GA
1	22507498	5	CA
1	22507557	59	GA
1	22507580	23	GA
1	22507597	17	CT
1	22507728	25	AG
1	22509310	258	CG
1	22509516	206	GA
1	22510156	640	GA
1	22510689	533	GA
1	22511819	897	AG
1	22511938	119	CT
1	22511987	49	CG
1	22512006	19	CT
1	22512056	50	TC
1	22512343	212	TC
1	22512800	76	CG
1	22512854	54	AG
1	22512855	1	CT
1	22513202	62	CT
1	22513427	225	CG
1	22513604	177	CA
1	22513658	54	CT
1	22513901	243	AG
1	22514440	315	CT
1	22514451	11	CT
1	22514534	83	TC
1	22514571	37	CA
1	22514828	205	CG
1	22514829	1	AG
1	22514975	146	AG
1	22516149	203	GA
1	22516895	266	TC
1	22517116	221	GT
1	22517290	174	GA
1	22517419	129	CT
1	22517432	13	GA
1	22517508	76	GC
1	22518097	589	GT
1	22518378	281	GA
1	22518699	217	TC
1	22518746	47	GA
1	22518813	67	GC
1	22519016	71	CT
1	22519415	345	TC
1	22519467	52	AG
1	22519857	373	TG
1	22520014	157	GT
1	22520823	174	GA
1	22520828	5	TC
1	22520856	28	CT
1	22521202	346	GA
1	22521239	37	GA
1	22521320	81	GA
1	22521555	235	TC
1	22523138	1073	CT
1	22528482	718	AG
1	22530576	1619	AG
1	22530696	120	AG
1	22532090	1325	TG
1	22532556	466	AG
1	22533776	738	CT
1	22533997	138	CG
1	22534339	342	CT
1	22535293	899	AG
1	22536352	842	CG
1	22537110	403	TG
1	22541223	3665	GC
1	22547560	4596	CT
1	22549210	1287	AG
1	22554923	4119	TC
1	22561111	3297	AC
1	22564502	1903	CT
1	22569414	4024	GA
1	22571359	1158	GA
1	22573225	1451	TC
1	22575511	1979	GC
1	22576946	840	GA
1	22577472	498	CT
1	22577949	451	CG
1	22578334	301	GC
1	22578340	6	GC
1	22578482	142	GA
1	22578638	156	TC
1	22578679	41	GA
1	22578910	231	GA
1	22578942	32	TC
1	22579055	113	TC
1	22579163	108	CT
1	22579297	134	TC
1	22579336	39	GC
1	22579495	159	AG
1	22579550	55	AG
1	22580331	627	TC
1	22580354	23	CG
1	22580779	364	AG
1	22581615	230	GA
1	22581642	27	CT
1	22581748	106	CT
1	22581886	138	AT
1	22581968	82	TC
1	22582316	348	CA
1	22582423	107	AG
1	22582792	369	CT
1	22582928	136	TC
1	22582935	7	TA
1	22582944	9	AG
1	22582992	48	AG
1	22582993	1	GA
1	22583022	29	TG
1	22583065	43	CT
1	22584076	743	GA
1	22584363	245	TG
1	22584416	53	TC
1	22584624	208	GA
1	22584707	83	GC
1	22585175	468	TC
1	22586416	384	GA
1	22586449	33	TC
1	22587068	341	GC
1	22587260	192	GC
1	22588376	967	CT
1	22588479	103	CG
1	22590264	1287	GA
1	22590273	9	GC
1	22590388	115	TC
1	22590452	64	GA
1	22590561	109	CT
1	22590628	67	GA
1	22590629	1	AG
1	22590688	59	AC
1	22591667	382	AG
1	22591918	197	AG
1	22592415	497	GA
1	22608444	9806	GA
1	22610102	1439	CA
1	22616783	4023	GA
1	22619573	2640	TC
1	22620883	995	CG
1	22621581	698	TC
1	22621668	87	CT
1	22621681	13	TC
1	22621705	24	GC
1	22622364	659	AG
1	22622645	281	GA
1	22622703	58	CT
1	22622874	171	TA
1	22623834	178	AG
1	22623855	21	AT
1	22624332	477	CG
1	22624368	36	GC
1	22624661	293	CT
1	22625432	560	GC
1	22625828	396	TA
1	22626483	416	GC
1	22626732	249	GA
1	22626950	218	AC
1	22627585	635	AC
1	22627600	15	AG
1	22627603	3	CT
1	22627610	7	CT
1	22627669	59	TC
1	22628151	482	GA
1	22628182	31	TC
1	22628312	130	TC
1	22628812	286	GC
1	22630202	1182	GA
1	22630408	206	GC
1	22630954	512	GA
1	22631817	497	GA
1	22631870	53	AG
1	22631872	2	CT
1	22631905	33	TC
1	22632053	148	TG
1	22632079	26	GA
1	22632103	24	TC
1	22632158	55	GA
1	22632204	46	GA
1	22633151	527	GT
1	22633642	491	CT
1	22633750	108	CA
1	22633772	22	AG
1	22634267	495	GA
1	22635154	517	TC
1	22635160	6	TG
1	22635509	217	AT
1	22635582	73	TG
1	22635701	95	CT
1	22635715	14	TC
1	22636037	322	AC
1	22637094	990	TC
1	22637211	117	CG
1	22637472	121	CT
1	22637722	250	GA
1	22638378	656	AC
1	22638697	319	CG
1	22638818	121	TC
1	22639070	252	AG
1	22642384	1866	AG
1	22642590	132	TC
1	22642920	24	GT
1	22642996	76	CA
1	22643163	58	AG
1	22643257	94	GC
1	22643259	2	TC
1	22643265	6	CT
1	22643343	78	AG
1	22643354	11	AG
1	22643669	315	AG
1	22643673	4	CT
1	22643697	24	CT
1	22643819	122	GA
1	22644044	225	GA
1	22644689	333	GA
1	22644779	90	GA
1	22644844	65	GA
1	22644879	35	AG
1	22644925	46	CT
1	22644984	59	TC
1	22645273	245	TC
1	22645291	18	CT
1	22645822	531	GA
1	22646059	237	CT
1	22646198	139	TC
1	22647402	780	CT
1	22647445	43	CT
1	22647628	183	GC
1	22647636	8	TC
1	22647642	6	CT
1	22648381	561	CT
1	22648402	21	TC
1	22648423	21	CT
1	22648554	131	AG
1	22648842	288	GC
1	22649386	544	AT
1	22649391	5	CT
1	22649677	286	TC
1	22649751	74	CT
1	22650028	277	TC
1	22650060	32	CT
1	22650067	7	CA
1	22650358	291	CT
1	22650578	220	CG
1	22650586	8	TA
1	22650626	40	GA
1	22650757	131	AG
1	22650788	31	AG
1	22651060	272	CG
1	22651095	35	AG
1	22651123	28	TC
1	22651156	33	CT
1	22651319	163	TC
1	22651487	168	GT
1	22651544	57	GA
1	22651768	112	TC
1	22651790	22	AG
1	22651825	35	TC
1	22651951	126	CT
1	22652574	165	TC
1	22652635	61	CT
1	22652646	11	CT
1	22652712	66	AG
1	22652743	31	CA
1	22652871	37	GA
1	22653398	492	GC
1	22653411	13	GA
1	22653822	411	TC
1	22655960	1624	CT
1	22656493	376	GA
1	22656944	451	GA
1	24286458	1118834	AG
1	24295549	3873	CG
1	24295628	79	AG
1	24295755	127	AG
1	24297635	1233	TA
1	24304374	1266	AG
1	24304554	180	CA
1	24304557	3	GT
1	24304962	324	CG
1	24304968	6	GA
1	24306109	638	GT
1	24310846	2430	GA
1	24310957	111	TA
1	24313065	1427	TA
1	24327119	11224	AT
1	24328296	1177	AG
1	24333241	4621	TC
1	24334351	945	TC
1	24341953	6136	TC
1	24342527	574	AC
1	24345520	2755	GA
1	24345719	199	CA
1	24350433	3737	CA
1	24350441	8	AG
1	24350541	100	GA
1	24356564	4714	GT
1	24357083	236	CT
1	24360695	3279	AC
1	24362079	489	TC
1	24365172	2732	CT
1	24375531	5848	CG
1	24382971	5024	GT
1	24383754	605	CT
1	24386999	1461	AG
1	24390299	2341	CT
1	24394465	2564	CT
1	24394524	59	GA
1	24394754	20	GC
1	24397274	1726	AG
1	24398184	910	AT
1	24398497	258	GA
1	24398735	238	GT
1	24402095	2149	TC
1	24402136	41	CT
1	24404039	1659	TC
1	24410110	4887	GT
1	24410380	270	TC
1	24413806	2605	AG
1	24414561	512	GA
1	24414731	170	AG
1	24418397	2915	GC
1	24420574	918	TC
1	24422111	1484	GA
1	24422931	775	GA
1	24429876	5585	TC
1	24430348	472	CT
1	24430791	443	GT
1	24435597	3798	GA
1	24437698	1348	CT
1	24442995	4866	AG
1	24444790	1581	TA
1	24445274	484	CG
1	24445377	103	CT
1	24445397	20	CT
1	24445892	495	CT
1	24446009	117	GA
1	24446088	79	AG
1	24446140	52	CG
1	24446226	86	TC
1	24446584	283	AG
1	24447226	642	TG
1	24448418	757	CG
1	24449936	1518	AG
1	24450108	172	AG
1	24450231	123	AG
1	24450237	6	CA
1	24450249	12	GA
1	24450505	256	TC
1	24450619	114	AT
1	24450721	102	GC
1	24450723	2	GA
1	24451373	458	GA
1	24452132	470	GA
1	24452239	107	CA
1	24452249	10	AG
1	24452308	59	GC
1	24455308	2478	GA
1	24455321	13	GA
1	24455569	248	AG
1	24456157	546	CG
1	24456182	25	GA
1	24456186	4	GA
1	24456557	371	AT
1	24456592	35	GC
1	24456627	35	GA
1	24456875	87	GA
1	24457415	540	CT
1	24457704	289	GA
1	24458220	398	AG
1	24458550	250	GA
1	24458568	18	CT
1	24458624	56	CT
1	24459397	773	AG
1	24459420	23	TC
1	24459453	33	TC
1	24459652	199	CG
1	24462133	2458	TC
1	24464019	1825	TC
1	24464284	265	TA
1	24464464	180	AG
1	24465827	1363	GA
1	24465831	4	TA
1	24465991	160	AG
1	24466404	413	CT
1	24467219	815	CT
1	24467385	166	AG
1	24467391	6	TG
1	24467424	33	AG
1	24467541	117	GA
1	24467864	323	AG
1	24468358	494	GA
1	24469989	1589	TG
1	24470409	420	GA
1	24470918	509	TC
1	24471088	170	TC
1	24471905	427	AG
1	24472022	117	AT
1	24472249	227	TC
1	24472689	373	AG
1	24472854	165	TC
1	24473039	185	AG
1	24474027	731	AG
1	24474432	212	TG
1	24476158	1559	TC
1	24477936	1734	CG
1	24479020	964	TC
1	24479376	356	AG
1	24479763	387	AG
1	24482444	1846	CT
1	24485488	2397	GC
1	24502184	9537	CT
1	24505413	2209	CA
1	24506113	700	CT
1	24510050	3443	GA
1	24523615	4975	TC
1	24524225	134	CT
1	24531858	4301	TC
1	24533229	982	GA
1	24536142	2786	GA
1	24540528	4331	CG
1	24540735	207	CT
1	24542459	1584	AG
1	24542503	44	AG
1	24542849	346	TC
1	24544676	1827	GA
1	24545793	914	CT
1	24546173	309	GA
1	24546319	146	GC
1	24546363	44	TC
1	24546388	25	CG
1	24546951	563	TC
1	24547967	826	AG
1	24547971	4	CT
1	24548115	144	GA
1	24548392	277	CT
1	24548462	70	GA
1	24548623	4	GA
1	24548629	6	AG
1	24548948	154	GA
1	24548963	15	GA
1	24548977	14	AT
1	24549132	155	GA
1	24549241	109	GA
1	24550723	83	GA
1	24550877	154	TC
1	24555298	1013	GC
1	24555307	9	CT
1	24555632	325	AG
1	24556163	531	TC
1	24556199	36	GA
1	24556621	422	GA
1	24556796	175	AG
1	24557394	279	CT
1	24557780	188	CT
1	24564158	1200	TC
1	24564942	700	TC
1	24565453	478	AG
1	24565825	372	GT
1	24565913	88	AC
1	24565999	86	GA
1	24566260	261	GT
1	24567006	227	AG
1	24568628	804	GA
1	24568639	11	GA
1	24568707	68	TC
1	24568720	13	CT
1	24568738	18	GA
1	24568765	27	GA
1	24568790	25	CG
1	24568795	5	AG
1	24568968	173	AG
1	24569004	36	TC
1	24569044	40	GA
1	24569205	161	GA
1	24569221	16	TC
1	24570739	515	GT
1	24572222	1049	GA
1	24572576	354	GT
1	24572921	289	TC
1	24572925	4	CT
1	24572932	7	AG
1	24574574	1036	GA
1	24587922	12314	CT
1	24588461	539	AG
1	24588492	31	TG
1	24588509	17	TC
1	24588517	8	GC
1	24588759	242	AG
1	24588828	69	TC
1	24589046	218	TC
1	24589065	19	AG
1	24589406	341	GA
1	24593702	3998	GA
1	24593928	171	AG
1	24594166	238	AG
1	24596935	2435	TC
1	24597223	288	GA
1	24597262	39	TC
1	24597997	384	TC
1	24598069	72	CT
1	24599014	639	AG
1	24599197	183	GA
1	24599688	461	AG
1	24601044	1258	TC
1	24601105	61	AG
1	24601174	69	GA
1	24601468	251	GC
1	24601610	142	CT
1	24601778	168	GA
1	24601980	202	CT
1	24612310	1003	AG
1	24612372	62	TC
1	24617768	711	TC
1	24618664	896	AG
1	24618724	60	CT
1	24618781	57	GA
1	24619605	824	CT
1	24620347	540	GC
1	24620412	65	CG
1	24621227	240	GA
1	24621524	204	GA
1	24623092	1546	TC
1	24623750	658	CG
1	24624573	799	TA
1	24626024	1390	GA
1	24626452	428	AG
1	24626654	140	GA
1	24626919	186	AG
1	24627138	219	TC
1	24627381	188	GA
1	24628136	755	TC
1	24628927	738	CA
1	24631678	2687	CA
1	24631679	1	CA
1	24631684	5	GT
1	24631996	312	TC
1	24632115	119	TC
1	24632447	160	AG
1	24635393	2578	GC
1	24635753	360	AG
1	24636118	365	GA
1	24636151	33	TC
1	24637094	943	TC
1	24637256	162	GA
1	24637990	734	TC
1	24638828	838	TC
1	24639083	255	CG
1	24639910	802	GA
1	24640552	642	TG
1	24640793	241	GC
1	24640947	154	CT
1	24643618	1312	CT
1	24644246	628	TC
1	24644594	348	TC
1	24645198	604	GA
1	24645270	72	TG
1	24646143	873	GC
1	24647740	1302	CG
1	24647920	180	GA
1	24648642	382	TA
1	24649041	399	AG
1	24649587	546	GA
1	24649624	37	GA
1	24649855	231	GA
1	24650775	920	CT
1	24650883	108	TC
1	24651614	692	AT
1	24654801	3106	GA
1	24655327	435	AG
1	24657157	680	AG
1	24658309	201	CT
1	24658460	151	CT
1	24658893	433	GA
1	24660075	760	TC
1	24660618	543	AG
1	24660664	46	TC
1	24660707	43	CG
1	24660878	171	AT
1	24661078	200	AG
1	24661651	573	CG
1	24661993	342	AG
1	24662231	238	CT
1	24662857	626	GC
1	24662858	1	CT
1	24663090	232	AG
1	24663403	313	AG
1	24663692	289	AG
1	24664251	559	TA
1	24664289	38	TC
1	24664314	25	AG
1	24664365	51	GT
1	24664742	377	CT
1	24664768	26	AG
1	24664927	159	GA
1	24666346	1360	CT
1	24667712	1066	GC
1	24668634	712	GT
1	24672225	3150	TG
1	24672286	61	AG
1	24672426	140	CT
1	24674164	1738	GA
1	24674653	489	CT
1	24674737	84	CT
1	24674765	28	TC
1	24674961	196	CT
1	24675786	755	CT
1	24675813	27	CG
1	24675881	68	GC
1	24676339	330	CG
1	24676440	101	GA
1	24676545	105	TC
1	24676796	251	CT
1	24676846	50	TC
1	24678108	1143	GC
1	24678121	13	GA
1	24678417	296	GA
1	24679229	812	AG
1	24679234	5	AG
1	24679239	5	TC
1	24679542	303	GT
1	24680490	929	GC
1	24683031	469	CT
1	24683479	448	TC
1	24683793	314	AG
1	24683827	34	CT
1	24683965	138	GA
1	24684049	84	GA
1	24684550	167	CT
1	24684657	107	AG
1	24684710	53	CT
1	24684717	7	GA
1	24684803	86	TC
1	24685058	255	CG
1	24685059	1	CT
1	24685222	163	CA
1	24685444	222	GA
1	24685465	21	TC
1	24685522	57	CG
1	24685802	280	TG
1	24686201	316	TC
1	24687157	956	GA
1	24687402	245	GA
1	24687648	246	TC
1	24687955	280	CG
1	24688284	329	TC
1	24688379	95	GC
1	24688501	122	GA
1	24688508	7	AG
1	24688609	101	AG
1	24689742	1133	TC
1	24690143	401	AG
1	24690443	300	TG
1	24690610	167	TC
1	24690658	48	AC
1	24690838	180	AG
1	24691489	497	GA
1	24691938	449	GC
1	24692311	373	TA
1	24692319	8	AG
1	24692564	245	CT
1	24692587	23	GA
1	24692689	102	CT
1	24692956	267	AG
1	24693789	705	GA
1	24694174	385	TA
1	24694506	332	GA
1	24694814	308	CG
1	24695083	269	GA
1	24695358	275	TC
1	24695422	64	TC
1	24695559	137	TC
1	24695587	28	AG
1	24695928	341	AG
1	24696521	593	GA
1	24697916	1342	AG
1	24698198	282	CG
1	24699083	523	GA
1	24700153	994	AC
1	24700244	91	CA
1	24700251	7	CT
1	24700776	525	CT
1	24700839	63	AG
1	24701042	130	CG
1	24701741	464	TC
1	24701978	237	GA
1	24702414	436	CT
1	24702419	5	TC
1	24702481	62	TG
1	24703375	164	CA
1	24703820	445	TC
1	24706056	1200	CG
1	24706123	67	GA
1	24706513	390	AT
1	24707118	605	GA
1	24707167	49	GT
1	24707303	136	GT
1	24707492	123	GC
1	24707813	321	GA
1	24708646	392	CT
1	24708660	14	AG
1	24709916	848	CT
1	24709954	38	CT
1	24709964	10	AG
1	24710045	81	CT
1	24711024	437	TC
1	24711225	33	GA
1	24711253	28	AG
1	24711325	72	TC
1	24711436	111	AG
1	24711469	33	AG
1	24711740	271	TC
1	24712527	787	AG
1	24712575	48	TC
1	24713023	274	TC
1	24713130	107	CT
1	24713431	301	GA
1	24714153	588	TC
1	24714331	178	AG
1	24714430	99	GA
1	24715254	534	CT
1	24715354	100	TG
1	24715505	151	GA
1	24715832	327	CG
1	24716455	623	CA
1	24716553	98	TC
1	24716682	129	AG
1	24717243	561	TC
1	24717294	51	CT
1	24719202	1756	TC
1	24719635	408	GA
1	24720207	250	CG
1	24720306	99	TC
1	24720851	146	GT
1	24720887	36	GA
1	24720952	65	CT
1	24721715	518	GA
1	24722278	407	GC
1	24722325	47	CT
1	24722465	140	CT
1	24722640	175	AC
1	24722752	112	CT
1	24723127	375	GA
1	24723144	17	CT
1	24723294	150	CT
1	24723301	7	CT
1	24723558	257	TC
1	24723913	355	AG
1	24724062	149	CT
1	24724210	148	AG
1	24725712	525	CT
1	24726793	149	CT
1	24726882	89	CT
1	24726893	11	TA
1	24727028	135	AT
1	24727447	310	TC
1	24727584	137	CT
1	24728869	619	CT
1	24729407	367	TC
1	24729781	374	GA
1	24729976	195	TC
1	24730204	228	TG
1	24730241	37	AG
1	24730272	31	GA
1	24730429	157	GC
1	24732486	807	CT
1	24732601	115	TG
1	24733571	406	GA
1	24734845	475	CT
1	24734849	4	TG
1	24735570	721	GC
1	24735808	207	GT
1	24736901	1093	GA
1	24737148	247	TC
1	24737164	16	GC
1	24737330	166	AG
1	24737720	167	AG
1	24738500	736	CT
1	24742792	1946	AG
1	24745940	526	GT
1	24746242	302	GA
1	24746409	167	TG
1	24746742	333	AT
1	24747024	282	AG
1	24747042	18	CT
1	24748488	607	AG
1	24748520	32	TC
1	24749024	123	CG
1	24749186	162	CT
1	24749190	4	TC
1	24749192	2	TC
1	24749208	16	CA
1	24749239	31	CA
1	24749242	3	GA
1	24749481	239	TC
1	24749694	213	GT
1	24749704	10	GA
1	24750929	521	GA
1	24751863	784	AG
1	24752729	866	CG
1	24752752	23	TC
1	24752911	159	GT
1	24753172	78	CA
1	24753225	53	CT
1	24753326	101	CT
1	24753457	131	GA
1	24754130	554	GA
1	24754676	546	CT
1	24755014	274	AG
1	24755931	493	TC
1	24756776	845	TG
1	24756827	51	CG
1	24757309	229	GT
1	24757869	402	GA
1	24758177	126	TC
1	24758729	552	GA
1	24759235	457	CT
1	24759327	92	CT
1	24759857	260	TC
1	24759925	68	TC
1	24759926	1	GC
1	24759942	16	GA
1	24759991	49	AG
1	24764209	3174	GA
1	24764491	282	AC
1	24766298	1329	GT
1	24766313	15	AT
1	24767061	345	AG
1	24767294	233	TC
1	24767864	380	TC
1	24772602	2710	AG
1	24772611	9	TA
1	24772612	1	AT
1	24775915	3164	TC
1	24777136	1221	CT
1	24777562	426	TA
1	24777662	48	GA
1	24787154	6654	CT
1	24814736	17982	TC
1	24824500	6004	CT
1	24833067	6303	TC
1	24836358	2310	CT
1	24837632	1255	CT
1	24839989	2098	AG
1	24840145	156	TC
1	24840256	111	GA
1	24840975	325	TG
1	24840980	5	CG
1	24841104	124	TC
1	24841745	181	AG
1	24841765	20	TC
1	24841814	49	CA
1	24841815	1	AG
1	24841858	43	AG
1	24841897	39	CG
1	24842701	425	CT
1	24842765	64	CT
1	24842877	112	GC
1	24843068	191	TC
1	24843324	256	TC
1	24843472	148	AT
1	24844118	646	CG
1	24846229	1275	TC
1	24846766	537	GC
1	24848718	1178	AG
1	24849024	306	GA
1	24850587	249	TG
1	24850742	155	CA
1	24850800	58	GA
1	24850910	110	AG
1	24850919	9	GA
1	24851266	235	GA
1	24853998	923	AT
1	24855383	191	CT
1	24855431	48	GA
1	24856515	303	CG
1	24856539	24	GA
1	24857557	121	GA
1	24857560	3	GA
1	24857884	271	AG
1	24858789	717	AG
1	24858859	70	GA
1	24868164	1758	AG
1	24868176	12	AG
1	24869871	1020	GA
1	24870180	309	TG
1	24871128	609	CA
1	24871690	501	AC
1	24871915	225	GA
1	24871988	73	GA
1	24873112	748	CT
1	24873615	296	AG
1	24874120	505	GA
1	24874485	365	CA
1	24874574	89	AG
1	24874665	91	CA
1	24875162	217	GA
1	24875190	28	AC
1	24875246	56	CT
1	24875356	110	TG
1	24876290	550	GA
1	24877043	706	CT
1	24878074	1031	TC
1	24878871	797	CT
1	24878891	20	TC
1	24879321	430	AG
1	24879720	316	CT
1	24880825	841	TC
1	24883692	2092	CA
1	24887316	3571	CT
1	24887746	430	CG
1	24888018	272	TC
1	24889519	1404	TA
1	24891950	2047	AC
1	24906162	9247	GA
1	24908023	1819	AG
1	24908367	344	GT
1	24908468	101	AC
1	24908857	389	GC
1	24908876	19	CT
1	24909262	355	GA
1	24910954	1151	TC
1	24911262	308	GA
1	24912255	911	AG
1	24912669	414	CT
1	24913126	457	TC
1	24914031	683	GA
1	24914199	168	AG
1	24914269	70	AG
1	24917564	2767	TC
1	24918020	456	AG
1	24918046	26	CT
1	24918391	345	AG
1	24923617	1361	CT
1	24925013	1222	AG
1	24925359	346	TC
1	24925440	81	TC
1	24925745	305	TC
1	24926660	915	TC
1	24928086	1426	CT
1	24928294	208	AC
1	24928392	98	CT
1	24928510	118	CG
1	24928659	149	GA
1	24929116	457	CT
1	24929494	378	GA
1	24930820	1014	CT
1	24931558	738	GA
1	24934784	3203	CT
1	24939004	4193	TG
1	24939457	453	GA
1	24942878	3194	CA
1	24944524	1443	CT
1	24944790	266	TG
1	24945564	774	CA
1	24946012	400	GA
1	24948692	2296	GC
1	24949792	1100	GT
1	24950074	282	TC
1	24950249	175	AG
1	24953399	2988	GC
1	24954138	708	AG
1	24956182	1966	TC
1	24963115	6663	TC
1	24965606	2448	AG
1	24981358	12912	TC
1	24989171	5306	AC
1	24992067	2511	AT
1	27669579	2669579	CT
1	29429340	1431575	AG
