6.94373e-05	-127090.50	0,9.28982e-06,2.13872e-05,3.71406e-05,5.76548e-05,8.43689e-05,0.000119156,0.000164457,0.000223448,0.000300268,0.000400304,0.000530571,0.000700208,0.000921112,0.00120878,0.00158338,0.00207119,0.00270643,0.00353364,inf	6526.08,6526.08,3043.07,2657.32,2446.94,2355.14,2345.76,2367.29,2365.12,2339.3,2294.67,2207.58,2079.44,1980.63,1981.35,2044.88,2222.62,110.69,110.69
7.07816e-05	-126558.79	0,9.28982e-06,2.13872e-05,3.71406e-05,5.76548e-05,8.43689e-05,0.000119156,0.000164457,0.000223448,0.000300268,0.000400304,0.000530571,0.000700208,0.000921112,0.00120878,0.00158338,0.00207119,0.00270643,0.00353364,inf	9948.63,9948.63,2868.35,2365.01,2071.45,1946.03,1952.57,2002.67,1997.04,1949.4,1876.61,1746.81,1575.12,1461.19,1474.26,1564.56,1810.33,323.537,323.537
7.46022e-05	-126264.39	0,9.28982e-06,2.13872e-05,3.71406e-05,5.76548e-05,8.43689e-05,0.000119156,0.000164457,0.000223448,0.000300268,0.000400304,0.000530571,0.000700208,0.000921112,0.00120878,0.00158338,0.00207119,0.00270643,0.00353364,inf	12674.1,12674.1,2662.24,2204.74,1894.81,1760.17,1793.92,1877.64,1870.54,1804.92,1709.63,1546.71,1346.8,1228.4,1254.42,1366.46,1617.3,252.023,252.023
7.92973e-05	-126199.75	0,9.28982e-06,2.13872e-05,3.71406e-05,5.76548e-05,8.43689e-05,0.000119156,0.000164457,0.000223448,0.000300268,0.000400304,0.000530571,0.000700208,0.000921112,0.00120878,0.00158338,0.00207119,0.00270643,0.00353364,inf	14503.1,14503.1,2434.66,2101.76,1803.92,1666.07,1728.4,1845.49,1835.77,1752.14,1634.84,1440.16,1214.67,1091.2,1126.08,1258.76,1550.79,227.953,227.953
8.43017e-05	-126164.32	0,9.28982e-06,2.13872e-05,3.71406e-05,5.76548e-05,8.43689e-05,0.000119156,0.000164457,0.000223448,0.000300268,0.000400304,0.000530571,0.000700208,0.000921112,0.00120878,0.00158338,0.00207119,0.00270643,0.00353364,inf	15624.7,15624.7,2211.93,2030.33,1754.62,1613.5,1703.13,1853.07,1841.59,1742.22,1605.2,1380.76,1131.51,1002.31,1042.92,1192.87,1534.54,217.616,217.616
8.93992e-05	-126138.01	0,9.28982e-06,2.13872e-05,3.71406e-05,5.76548e-05,8.43689e-05,0.000119156,0.000164457,0.000223448,0.000300268,0.000400304,0.000530571,0.000700208,0.000921112,0.00120878,0.00158338,0.00207119,0.00270643,0.00353364,inf	16287.9,16287.9,2008.73,1979.16,1727,1580.32,1694.57,1875.99,1864.14,1752.1,1598.35,1346.63,1075.54,940.461,984.681,1148.7,1541.15,213.283,213.283
9.44933e-05	-126115.35	0,9.28982e-06,2.13872e-05,3.71406e-05,5.76548e-05,8.43689e-05,0.000119156,0.000164457,0.000223448,0.000300268,0.000400304,0.000530571,0.000700208,0.000921112,0.00120878,0.00158338,0.00207119,0.00270643,0.00353364,inf	16676.7,16676.7,1829.33,1942.27,1711.54,1556.55,1692.25,1903.08,1892.12,1770.4,1602.93,1326.59,1035.64,894.905,941.323,1116.69,1558.2,211.792,211.792
9.95371e-05	-126094.93	0,9.28982e-06,2.13872e-05,3.71406e-05,5.76548e-05,8.43689e-05,0.000119156,0.000164457,0.000223448,0.000300268,0.000400304,0.000530571,0.000700208,0.000921112,0.00120878,0.00158338,0.00207119,0.00270643,0.00353364,inf	16905.5,16905.5,1672.87,1916.02,1703.51,1537.71,1691.72,1929.48,1920.33,1791.48,1612.99,1314.59,1005.77,859.775,907.428,1091.89,1579.62,211.645,211.645
0.000104507	-126076.37	0,9.28982e-06,2.13872e-05,3.71406e-05,5.76548e-05,8.43689e-05,0.000119156,0.000164457,0.000223448,0.000300268,0.000400304,0.000530571,0.000700208,0.000921112,0.00120878,0.00158338,0.00207119,0.00270643,0.00353364,inf	17039.9,17039.9,1536.58,1897.96,1700.35,1521.78,1691.28,1953.39,1946.58,1812.65,1625.39,1307.27,982.448,831.669,879.893,1071.62,1602.32,212.109,212.109
0.000109391	-126059.51	0,9.28982e-06,2.13872e-05,3.71406e-05,5.76548e-05,8.43689e-05,0.000119156,0.000164457,0.000223448,0.000300268,0.000400304,0.000530571,0.000700208,0.000921112,0.00120878,0.00158338,0.00207119,0.00270643,0.00353364,inf	17117.4,17117.4,1417.4,1886.28,1700.6,1507.81,1690.42,1974.39,1970.18,1832.71,1638.48,1302.73,963.604,808.516,856.841,1054.37,1624.75,212.823,212.823
0.000114183	-126044.19	0,9.28982e-06,2.13872e-05,3.71406e-05,5.76548e-05,8.43689e-05,0.000119156,0.000164457,0.000223448,0.000300268,0.000400304,0.000530571,0.000700208,0.000921112,0.00120878,0.00158338,0.00207119,0.00270643,0.00353364,inf	17159.5,17159.5,1312.49,1879.62,1703.29,1495.35,1689.08,1992.64,1991.07,1851.18,1651.4,1299.85,947.938,788.993,837.088,1039.22,1646.15,213.607,213.607
0.000118883	-126030.26	0,9.28982e-06,2.13872e-05,3.71406e-05,5.76548e-05,8.43689e-05,0.000119156,0.000164457,0.000223448,0.000300268,0.000400304,0.000530571,0.000700208,0.000921112,0.00120878,0.00158338,0.00207119,0.00270643,0.00353364,inf	17178.7,17178.7,1219.5,1876.9,1707.77,1484.13,1687.4,2008.49,2009.46,1867.97,1663.73,1297.96,934.613,772.223,819.85,1025.61,1666.19,214.37,214.37
0.000123491	-126017.57	0,9.28982e-06,2.13872e-05,3.71406e-05,5.76548e-05,8.43689e-05,0.000119156,0.000164457,0.000223448,0.000300268,0.000400304,0.000530571,0.000700208,0.000921112,0.00120878,0.00158338,0.00207119,0.00270643,0.00353364,inf	17182.9,17182.9,1136.45,1877.25,1713.56,1473.98,1685.52,2022.34,2025.69,1883.14,1675.3,1296.65,923.067,757.6,804.588,1013.2,1684.76,215.067,215.067
0.000128008	-126005.98	0,9.28982e-06,2.13872e-05,3.71406e-05,5.76548e-05,8.43689e-05,0.000119156,0.000164457,0.000223448,0.000300268,0.000400304,0.000530571,0.000700208,0.000921112,0.00120878,0.00158338,0.00207119,0.00270643,0.00353364,inf	17177,17177,1061.8,1879.98,1720.28,1464.79,1683.58,2034.55,2040.07,1896.85,1686.03,1295.69,912.909,744.691,790.921,1001.75,1701.87,215.678,215.678
0.000132437	-125995.38	0,9.28982e-06,2.13872e-05,3.71406e-05,5.76548e-05,8.43689e-05,0.000119156,0.000164457,0.000223448,0.000300268,0.000400304,0.000530571,0.000700208,0.000921112,0.00120878,0.00158338,0.00207119,0.00270643,0.00353364,inf	17164,17164,994.289,1884.52,1727.65,1456.43,1681.66,2045.44,2052.89,1909.24,1695.93,1294.91,903.863,733.182,778.569,991.083,1717.61,216.197,216.197
0.00013678	-125985.65	0,9.28982e-06,2.13872e-05,3.71406e-05,5.76548e-05,8.43689e-05,0.000119156,0.000164457,0.000223448,0.000300268,0.000400304,0.000530571,0.000700208,0.000921112,0.00120878,0.00158338,0.00207119,0.00270643,0.00353364,inf	17146.7,17146.7,932.901,1890.44,1735.43,1448.84,1679.85,2055.26,2064.39,1920.46,1705.03,1294.22,895.722,722.833,767.32,981.094,1732.09,216.622,216.622
0.000141041	-125976.70	0,9.28982e-06,2.13872e-05,3.71406e-05,5.76548e-05,8.43689e-05,0.000119156,0.000164457,0.000223448,0.000300268,0.000400304,0.000530571,0.000700208,0.000921112,0.00120878,0.00158338,0.00207119,0.00270643,0.00353364,inf	17126.1,17126.1,876.796,1897.34,1743.44,1441.91,1678.2,2064.21,2074.79,1930.66,1713.37,1293.56,888.334,713.46,757.011,971.693,1745.42,216.959,216.959
0.000145223	-125968.45	0,9.28982e-06,2.13872e-05,3.71406e-05,5.76548e-05,8.43689e-05,0.000119156,0.000164457,0.000223448,0.000300268,0.000400304,0.000530571,0.000700208,0.000921112,0.00120878,0.00158338,0.00207119,0.00270643,0.00353364,inf	17103.8,17103.8,825.31,1904.95,1751.54,1435.58,1676.74,2072.45,2084.26,1939.95,1721.01,1292.89,881.58,704.919,747.514,962.813,1757.71,217.211,217.211
0.000149327	-125960.82	0,9.28982e-06,2.13872e-05,3.71406e-05,5.76548e-05,8.43689e-05,0.000119156,0.000164457,0.000223448,0.000300268,0.000400304,0.000530571,0.000700208,0.000921112,0.00120878,0.00158338,0.00207119,0.00270643,0.00353364,inf	17080.1,17080.1,777.882,1912.99,1759.63,1429.79,1675.47,2080.11,2092.93,1948.44,1727.99,1292.19,875.367,697.095,738.724,954.401,1769.09,217.385,217.385
0.000153358	-125953.75	0,9.28982e-06,2.13872e-05,3.71406e-05,5.76548e-05,8.43689e-05,0.000119156,0.000164457,0.000223448,0.000300268,0.000400304,0.000530571,0.000700208,0.000921112,0.00120878,0.00158338,0.00207119,0.00270643,0.00353364,inf	17055.9,17055.9,734.048,1921.29,1767.61,1424.49,1674.42,2087.29,2100.93,1956.23,1734.39,1291.44,869.621,689.894,730.557,946.414,1779.65,217.487,217.487
