time_index	left_time_boundary	right_time_boundary	lambda
0	0	1.01804e-05	14119.3
1	1.01804e-05	2.34374e-05	14119.3
2	2.34374e-05	4.07009e-05	2532.23
3	4.07009e-05	6.31818e-05	2868.02
4	6.31818e-05	9.24567e-05	890.721
5	9.24567e-05	0.000130579	1043.06
6	0.000130579	0.000180222	1854.11
7	0.000180222	0.000244869	2133.75
8	0.000244869	0.000329052	1689.43
9	0.000329052	0.000438678	1183.92
10	0.000438678	0.000581433	920.735
11	0.000581433	0.000767332	861.868
12	0.000767332	0.00100941	815.348
13	0.00100941	0.00132465	689.862
14	0.00132465	0.00173517	515.097
15	0.00173517	0.00226974	471.591
16	0.00226974	0.00296587	816.806
17	0.00296587	0.00387239	799146
18	0.00387239	inf	799146
