time_index	left_time_boundary	right_time_boundary	lambda
0	0	9.10648e-06	22425.4
1	9.10648e-06	2.09651e-05	22425.4
2	2.09651e-05	3.64075e-05	390.528
3	3.64075e-05	5.6517e-05	1640.2
4	5.6517e-05	8.27038e-05	1071.97
5	8.27038e-05	0.000116805	844.051
6	0.000116805	0.000161211	1086.55
7	0.000161211	0.000219038	1599.21
8	0.000219038	0.000294342	2068.16
9	0.000294342	0.000392403	2188.16
10	0.000392403	0.0005201	1770.87
11	0.0005201	0.000686389	1454.38
12	0.000686389	0.000902933	1301.65
13	0.000902933	0.00118492	1149.49
14	0.00118492	0.00155213	783.65
15	0.00155213	0.00203031	516.288
16	0.00203031	0.00265301	483.731
17	0.00265301	0.0034639	892750
18	0.0034639	inf	892750
