8.93885e-05	-101710.83	0,1.17998e-05,2.71656e-05,4.71753e-05,7.32322e-05,0.000107164,0.00015135,0.00020889,0.00028382,0.000381395,0.000508458,0.000673923,0.000889392,0.00116998,0.00153537,0.00201118,0.00263079,0.00343766,0.00448837,inf	5392.08,5392.08,3085.03,2521.2,2100.06,1991.7,1971.79,1932.65,1865.17,1786.85,1719.27,1674.32,1643.72,1629.58,1612.69,1634.66,1743.75,2145.15,2145.15
9.04458e-05	-101298.58	0,1.17998e-05,2.71656e-05,4.71753e-05,7.32322e-05,0.000107164,0.00015135,0.00020889,0.00028382,0.000381395,0.000508458,0.000673923,0.000889392,0.00116998,0.00153537,0.00201118,0.00263079,0.00343766,0.00448837,inf	7567.37,7567.37,3323.55,2495.65,1842.84,1727.72,1735.82,1681.62,1564.77,1436.55,1340.62,1291.8,1266.95,1256.97,1241.71,1259.72,1407.95,2012.73,2012.73
9.4727e-05	-101140.73	0,1.17998e-05,2.71656e-05,4.71753e-05,7.32322e-05,0.000107164,0.00015135,0.00020889,0.00028382,0.000381395,0.000508458,0.000673923,0.000889392,0.00116998,0.00153537,0.00201118,0.00263079,0.00343766,0.00448837,inf	8795.88,8795.88,3380.94,2482.2,1693.96,1614.06,1669.59,1608.1,1444.65,1273.06,1157.11,1107.75,1085.91,1073.64,1053.28,1065.2,1228.68,1992.09,1992.09
0.000100236	-101066.49	0,1.17998e-05,2.71656e-05,4.71753e-05,7.32322e-05,0.000107164,0.00015135,0.00020889,0.00028382,0.000381395,0.000508458,0.000673923,0.000889392,0.00116998,0.00153537,0.00201118,0.00263079,0.00343766,0.00448837,inf	9416.72,9416.72,3359.18,2473.08,1594.49,1565.71,1677.37,1612.63,1404.13,1193.04,1061.23,1011.68,989.709,970.888,941.311,945.568,1115.02,2015.66,2015.66
0.000106235	-101022.70	0,1.17998e-05,2.71656e-05,4.71753e-05,7.32322e-05,0.000107164,0.00015135,0.00020889,0.00028382,0.000381395,0.000508458,0.000673923,0.000889392,0.00116998,0.00153537,0.00201118,0.00263079,0.00343766,0.00448837,inf	9737.31,9737.31,3310.67,2460.54,1515.68,1542.84,1713.47,1648.16,1397.39,1151.48,1007.8,958.932,935.456,908.128,867.536,863.42,1034.34,2059.86,2059.86
0.000112415	-100992.05	0,1.17998e-05,2.71656e-05,4.71753e-05,7.32322e-05,0.000107164,0.00015135,0.00020889,0.00028382,0.000381395,0.000508458,0.000673923,0.000889392,0.00116998,0.00153537,0.00201118,0.00263079,0.00343766,0.00448837,inf	9924.96,9924.96,3258.3,2441.87,1446.34,1529.06,1757.61,1693.06,1403.59,1127.98,976.273,929.314,903.941,867.339,815.164,802.594,972.54,2115.37,2115.37
0.000118631	-100968.22	0,1.17998e-05,2.71656e-05,4.71753e-05,7.32322e-05,0.000107164,0.00015135,0.00020889,0.00028382,0.000381395,0.000508458,0.000673923,0.000889392,0.00116998,0.00153537,0.00201118,0.00263079,0.00343766,0.00448837,inf	10056,10056,3211.02,2417.34,1382.95,1518.54,1801.7,1737.93,1413.31,1113.02,956.647,912.797,885.569,839.505,775.789,755.044,922.637,2178.08,2178.08
0.00012481	-100948.55	0,1.17998e-05,2.71656e-05,4.71753e-05,7.32322e-05,0.000107164,0.00015135,0.00020889,0.00028382,0.000381395,0.000508458,0.000673923,0.000889392,0.00116998,0.00153537,0.00201118,0.00263079,0.00343766,0.00448837,inf	10162.3,10162.3,3171.54,2388.12,1324.68,1509.66,1843.06,1779.13,1422.55,1102.03,943.761,904.036,875.151,819.707,744.796,716.33,880.784,2246.13,2246.13
0.000130914	-100931.74	0,1.17998e-05,2.71656e-05,4.71753e-05,7.32322e-05,0.000107164,0.00015135,0.00020889,0.00028382,0.000381395,0.000508458,0.000673923,0.000889392,0.00116998,0.00153537,0.00201118,0.00263079,0.00343766,0.00448837,inf	10256.3,10256.3,3139.92,2355.38,1271.37,1502.23,1881.28,1815.65,1429.78,1092.81,934.831,900.02,869.703,805.088,719.469,683.807,844.69,2318.72,2318.72
0.000136926	-100917.05	0,1.17998e-05,2.71656e-05,4.71753e-05,7.32322e-05,0.000107164,0.00015135,0.00020889,0.00028382,0.000381395,0.000508458,0.000673923,0.000889392,0.00116998,0.00153537,0.00201118,0.00263079,0.00343766,0.00448837,inf	10343.4,10343.4,3115.15,2320.02,1222.94,1496.44,1916.73,1847.55,1434.58,1084.32,928.301,898.974,867.43,793.905,698.125,655.807,812.902,2395.64,2395.64
0.000142836	-100904.03	0,1.17998e-05,2.71656e-05,4.71753e-05,7.32322e-05,0.000107164,0.00015135,0.00020889,0.00028382,0.000381395,0.000508458,0.000673923,0.000889392,0.00116998,0.00153537,0.00201118,0.00263079,0.00343766,0.00448837,inf	10425.4,10425.4,3095.93,2282.69,1179.18,1492.47,1949.97,1875.3,1437.05,1076.1,923.276,899.819,867.209,785.053,679.672,631.224,784.451,2477.05,2477.05
0.000148642	-100892.39	0,1.17998e-05,2.71656e-05,4.71753e-05,7.32322e-05,0.000107164,0.00015135,0.00020889,0.00028382,0.000381395,0.000508458,0.000673923,0.000889392,0.00116998,0.00153537,0.00201118,0.00263079,0.00343766,0.00448837,inf	10502.7,10502.7,3080.97,2243.86,1139.79,1490.38,1981.5,1899.46,1437.43,1067.92,919.224,901.879,868.317,777.809,663.378,609.295,758.662,2563.36,2563.36
0.000154343	-100881.89	0,1.17998e-05,2.71656e-05,4.71753e-05,7.32322e-05,0.000107164,0.00015135,0.00020889,0.00028382,0.000381395,0.000508458,0.000673923,0.000889392,0.00116998,0.00153537,0.00201118,0.00263079,0.00343766,0.00448837,inf	10575.9,10575.9,3069.14,2203.9,1104.42,1490.18,2011.74,1920.56,1436.06,1059.74,915.827,904.718,870.281,771.685,648.736,589.481,735.049,2655.24,2655.24
0.000159941	-100872.38	0,1.17998e-05,2.71656e-05,4.71753e-05,7.32322e-05,0.000107164,0.00015135,0.00020889,0.00028382,0.000381395,0.000508458,0.000673923,0.000889392,0.00116998,0.00153537,0.00201118,0.00263079,0.00343766,0.00448837,inf	10645.6,10645.6,3059.48,2163.12,1072.7,1491.79,2041,1939.06,1433.2,1051.54,912.888,908.055,872.781,766.351,635.385,571.383,713.254,2753.56,2753.56
0.00016544	-100863.72	0,1.17998e-05,2.71656e-05,4.71753e-05,7.32322e-05,0.000107164,0.00015135,0.00020889,0.00028382,0.000381395,0.000508458,0.000673923,0.000889392,0.00116998,0.00153537,0.00201118,0.00263079,0.00343766,0.00448837,inf	10712.2,10712.2,3051.17,2121.75,1044.25,1495.08,2069.48,1955.32,1429.14,1043.34,910.286,911.702,875.6,761.572,623.06,554.704,693.004,2859.48,2859.48
0.000170841	-100855.82	0,1.17998e-05,2.71656e-05,4.71753e-05,7.32322e-05,0.000107164,0.00015135,0.00020889,0.00028382,0.000381395,0.000508458,0.000673923,0.000889392,0.00116998,0.00153537,0.00201118,0.00263079,0.00343766,0.00448837,inf	10776.1,10776.1,3043.55,2080.01,1018.76,1499.93,2097.33,1969.66,1424.09,1035.19,907.943,915.534,878.588,757.181,611.566,539.214,674.086,2974.48,2974.48
0.00017615	-100848.58	0,1.17998e-05,2.71656e-05,4.71753e-05,7.32322e-05,0.000107164,0.00015135,0.00020889,0.00028382,0.000381395,0.000508458,0.000673923,0.000889392,0.00116998,0.00153537,0.00201118,0.00263079,0.00343766,0.00448837,inf	10837.9,10837.9,3036.08,2038.11,995.896,1506.21,2124.66,1982.33,1418.23,1027.12,905.81,919.467,881.64,753.059,600.752,524.736,656.334,3100.48,3100.48
0.000181368	-100841.96	0,1.17998e-05,2.71656e-05,4.71753e-05,7.32322e-05,0.000107164,0.00015135,0.00020889,0.00028382,0.000381395,0.000508458,0.000673923,0.000889392,0.00116998,0.00153537,0.00201118,0.00263079,0.00343766,0.00448837,inf	10898,10898,3028.31,1996.21,975.395,1513.76,2151.51,1993.53,1411.73,1019.14,903.853,923.441,884.682,749.116,590.5,511.127,639.615,3240.07,3240.07
0.000186499	-100835.89	0,1.17998e-05,2.71656e-05,4.71753e-05,7.32322e-05,0.000107164,0.00015135,0.00020889,0.00028382,0.000381395,0.000508458,0.000673923,0.000889392,0.00116998,0.00153537,0.00201118,0.00263079,0.00343766,0.00448837,inf	10956.8,10956.8,3019.91,1954.47,957.003,1522.46,2177.93,2003.41,1404.72,1011.3,902.051,927.418,887.659,745.282,580.719,498.271,623.82,3396.72,3396.72
0.000191546	-100830.33	0,1.17998e-05,2.71656e-05,4.71753e-05,7.32322e-05,0.000107164,0.00015135,0.00020889,0.00028382,0.000381395,0.000508458,0.000673923,0.000889392,0.00116998,0.00153537,0.00201118,0.00263079,0.00343766,0.00448837,inf	11014.4,11014.4,3010.57,1913.04,940.502,1532.2,2203.94,2012.13,1397.29,1003.62,900.389,931.367,890.531,741.506,571.33,486.074,608.862,3575.34,3575.34
